cy850 wk 908 GGbond 2 1430 78.000000 5 5 4
lyt874 wk 907 spiderman 1 1710 99.000000 6 6 2
lyt874 wk 907 spiderman 1 1710 99.000000 6 5 2
cy850 wk 907 spiderman 1 910 99.000000 5 6 0
cy850 wk 907 spiderman 1 910 99.000000 5 5 0
lyt874 dd 907 SavingHim 3 1010 35.200000 5 11 18
lyt874 dd 907 SavingHim 3 1010 35.200000 5 10 18
lyt874 dd 907 SavingHim 3 1010 35.200000 5 9 18
lyt874 zy 907 TheAvengers 3 1704 70.400000 5 11 28
lyt874 zy 907 TheAvengers 3 1704 70.400000 5 10 28
lyt874 zy 907 TheAvengers 3 1704 70.400000 5 9 28
cy850 zy 907 TheAvengers 3 1704 70.400000 11 11 28
cy850 zy 907 TheAvengers 3 1704 70.400000 11 10 28
AB123456 dd 907 SavingHim 3 1010 35.200000 11 11 56
AB123456 dd 907 SavingHim 3 1010 35.200000 11 10 56
AB123456 dd 907 SavingHim 3 1010 35.200000 11 11 37
AB123456 dd 907 SavingHim 3 1010 35.200000 11 10 37
AB123456 dd 904 pokemon 3 1350 54.000000 5 11 33
AB123456 dd 904 pokemon 3 1350 54.000000 5 10 33
AB123456 dd 904 pokemon 3 1350 54.000000 5 9 33
