wk190907091001 wk spiderman 0907 1 910 1110 21 810 99.00 Chinese 0.90 IMAX 27 30
1 1 1 1 1 1 1 1 1 1 1 1 1 1 1 0 1 1 1 1 1 1 1 1 1 1 1 1 1 1
1 1 1 1 1 1 1 1 1 1 1 1 1 1 1 1 1 1 1 1 1 1 1 1 1 1 1 1 1 1
1 1 1 1 1 1 1 1 1 1 1 1 1 1 1 1 1 1 1 1 1 1 1 1 1 1 1 0 1 1
1 1 1 1 1 1 1 1 0 1 1 1 1 1 1 1 1 1 1 1 1 1 1 1 1 1 1 1 1 1
1 1 1 1 0 1 1 1 1 1 1 1 1 1 1 1 1 1 1 1 1 1 1 1 1 1 1 1 1 1
1 1 1 1 1 1 1 1 0 0 1 1 1 1 1 1 1 1 1 1 1 1 1 1 1 1 1 1 1 1
1 1 1 1 1 1 1 1 1 1 1 1 1 1 1 1 1 1 1 1 0 1 1 1 1 1 1 1 1 1
1 1 1 1 1 1 1 1 1 1 1 1 1 1 1 1 1 1 1 1 1 1 1 1 1 1 1 1 1 1
1 1 1 1 1 1 1 1 0 1 1 1 1 0 1 1 1 1 1 1 1 1 1 1 1 1 1 1 1 1
1 1 1 1 1 1 1 1 1 1 1 1 1 1 1 1 1 1 1 1 0 1 1 1 1 1 1 1 1 1
1 1 1 1 1 1 1 1 1 1 0 1 1 1 1 1 1 1 1 1 1 1 1 1 1 1 1 1 1 1
0 1 1 1 1 1 1 1 1 1 1 1 1 1 1 0 1 1 1 1 1 1 1 1 1 1 1 1 1 1
1 1 1 1 1 1 1 1 1 1 1 1 1 1 1 1 1 1 1 1 1 1 1 1 1 1 1 1 1 1
1 1 1 1 1 1 1 1 1 1 1 1 1 1 1 1 1 1 1 1 1 1 1 1 1 1 1 1 1 1
1 1 1 1 1 1 1 1 1 1 1 1 1 1 1 1 1 1 1 1 1 1 1 1 1 1 1 1 1 1
1 1 1 1 1 1 1 1 1 1 1 1 1 1 1 1 1 1 1 1 1 1 1 1 1 1 1 1 1 1
1 1 1 1 1 1 1 1 1 1 1 1 1 1 1 1 1 1 1 1 1 1 1 1 1 1 1 1 1 1
1 1 1 1 1 1 1 1 1 1 1 1 1 1 1 1 1 0 1 1 1 1 1 1 1 1 1 1 1 1
1 1 1 1 1 1 1 1 1 1 1 1 1 1 1 1 1 1 1 1 1 1 1 1 1 1 1 1 1 1
1 1 1 1 1 1 1 1 0 1 1 0 1 1 1 1 1 1 1 1 1 1 1 1 1 1 1 1 1 1
1 1 1 1 1 1 1 1 1 1 1 1 1 1 1 1 1 1 1 1 1 1 1 1 1 1 1 1 1 1
1 1 1 1 1 1 1 1 1 1 1 1 1 1 1 1 1 1 1 1 1 1 1 1 1 1 1 1 1 1
1 1 1 1 1 1 1 1 1 1 1 1 1 1 0 1 1 1 1 1 1 1 1 1 1 1 1 1 1 1
1 1 1 1 1 1 1 1 1 1 1 1 1 1 1 1 1 1 1 1 1 1 1 1 1 0 1 1 1 1
1 1 1 1 1 1 0 1 1 1 1 1 1 1 1 1 1 1 1 1 0 1 1 1 1 1 1 1 1 1
1 1 1 1 1 1 1 1 0 1 1 1 1 1 1 1 1 1 1 1 1 1 1 1 1 1 1 1 1 1
1 1 1 1 1 1 1 1 1 1 1 1 1 1 1 1 1 1 1 1 1 1 1 1 1 1 1 1 1 1
wk190907141001 wk spiderman 0907 1 1410 1610 24 810 99.00 Chinese 0.90 IMAX 27 30
1 1 1 1 1 1 1 1 1 1 1 1 1 1 1 1 1 1 1 1 1 1 1 1 1 1 1 1 1 1
1 1 1 1 1 1 1 1 1 1 1 1 1 1 1 1 1 1 1 1 1 1 1 1 1 1 1 1 1 1
1 1 1 1 1 1 1 1 1 1 1 1 1 1 1 1 1 1 1 1 1 1 1 1 1 1 1 1 1 1
1 1 1 1 1 1 1 1 1 1 1 1 1 1 1 1 1 1 1 1 1 1 0 1 1 1 1 1 1 1
1 1 1 1 1 1 1 1 1 1 1 1 1 0 1 1 1 1 1 1 1 1 1 1 1 1 1 1 1 1
1 1 1 1 1 1 1 1 1 1 1 1 1 1 1 1 1 1 1 1 1 1 1 1 1 1 1 0 1 1
1 1 1 1 1 1 1 1 1 1 1 1 1 1 1 1 1 1 1 1 1 1 1 1 1 1 1 1 1 1
1 1 1 0 1 1 1 1 1 1 1 1 1 1 1 1 1 1 1 1 1 1 1 1 1 1 1 1 1 1
1 1 1 1 1 1 1 1 1 1 1 1 1 1 1 1 1 1 1 1 1 1 1 1 1 1 1 1 1 1
1 1 1 1 1 1 1 1 1 1 1 1 1 1 1 1 1 1 1 1 1 1 1 1 1 1 0 1 1 1
1 1 1 1 1 1 1 1 1 1 1 1 0 1 1 1 1 1 0 1 1 1 1 1 1 1 1 1 1 1
1 1 1 1 1 1 1 1 1 1 1 1 1 1 1 1 1 1 1 1 1 1 1 1 1 1 1 1 1 1
1 1 1 1 1 1 1 1 1 1 1 1 1 1 1 1 1 1 1 1 1 1 1 1 1 1 1 1 1 1
1 1 1 1 1 1 1 1 1 1 1 1 1 1 0 1 1 1 1 1 1 1 1 1 1 1 1 0 1 1
1 1 1 1 1 1 1 1 1 1 1 1 1 1 1 1 1 1 1 1 1 1 1 1 1 1 1 1 1 1
1 1 1 1 1 1 0 1 1 1 1 1 1 1 1 1 1 1 1 1 1 1 1 1 1 1 1 1 1 1
1 1 1 1 1 1 1 1 1 1 1 1 1 1 1 1 1 1 1 0 1 1 1 1 1 1 1 1 1 1
1 0 1 1 1 1 1 1 1 1 1 1 1 1 1 0 1 1 1 1 1 1 1 1 1 1 1 1 1 1
1 1 1 1 1 1 1 1 1 1 1 1 1 1 1 1 1 1 1 1 1 1 1 1 1 1 1 1 1 1
0 0 1 1 1 1 1 1 1 1 1 1 1 1 1 1 1 1 1 1 1 1 1 1 1 1 1 1 1 1
1 1 1 1 1 1 1 1 1 1 1 1 1 1 1 1 1 1 1 1 1 1 1 1 1 1 1 1 1 1
1 1 1 1 1 1 1 1 1 1 1 1 1 1 1 1 1 1 1 1 1 1 1 1 1 1 1 1 1 1
1 1 1 1 1 1 1 1 1 1 1 0 1 0 1 1 1 1 1 1 1 1 1 1 1 1 0 1 1 1
1 1 1 1 1 1 1 1 1 1 1 1 1 1 1 1 1 1 1 1 1 1 1 1 1 1 1 1 1 1
1 0 1 0 1 1 1 1 1 1 1 1 1 1 1 1 1 1 1 1 1 1 1 1 1 1 1 1 1 1
0 1 1 1 1 1 1 1 1 1 1 0 1 1 1 1 1 1 1 1 1 1 1 1 0 1 1 1 1 1
1 1 1 1 1 1 1 1 1 1 1 1 1 1 1 1 1 1 1 1 1 0 1 1 1 1 1 1 1 1
wk190907171001 wk spiderman 0907 1 1710 1910 27 810 99.00 Chinese 0.90 IMAX 27 30
1 1 1 0 1 1 1 1 1 1 1 1 1 1 1 1 1 1 1 1 1 1 1 1 1 1 1 1 1 1
0 1 1 1 1 1 1 1 1 1 1 0 1 1 1 1 1 1 1 1 1 1 1 1 0 1 1 1 1 1
1 1 1 1 0 1 0 1 1 1 0 1 1 1 1 1 1 1 1 1 1 1 0 1 1 1 1 1 1 1
1 1 1 1 1 1 1 1 1 1 1 1 1 1 1 1 1 1 1 1 1 1 1 1 1 1 1 1 1 1
1 1 1 1 1 1 1 1 1 1 1 1 1 1 1 1 1 1 1 1 1 1 1 1 1 1 1 1 1 1
1 1 1 1 1 1 1 1 1 1 1 1 1 1 1 1 1 1 1 1 1 1 1 1 1 1 1 1 1 1
1 1 1 1 1 1 1 1 1 1 1 1 1 1 1 1 1 1 1 1 1 1 1 1 1 1 1 1 1 1
1 1 1 1 1 1 0 1 1 0 1 1 1 1 1 1 1 1 1 1 0 1 1 0 1 1 1 1 1 1
1 1 1 1 1 1 1 1 1 1 1 1 1 1 1 1 1 1 1 1 1 1 1 1 1 1 1 1 1 1
1 1 1 1 1 1 1 1 1 1 1 1 1 1 1 1 1 1 1 1 1 1 1 1 1 1 1 1 1 1
1 1 1 1 0 1 1 1 0 1 1 1 1 1 1 1 1 1 1 1 1 1 1 1 1 1 1 1 1 1
1 1 1 1 1 1 1 1 1 1 1 1 0 1 1 1 1 1 1 1 1 1 1 0 1 1 1 1 1 1
1 1 1 1 1 1 1 1 1 1 1 1 1 1 1 1 1 1 1 1 1 1 1 1 0 1 1 1 1 1
1 1 1 1 1 1 1 1 1 1 1 1 1 1 0 1 1 1 1 1 1 1 1 1 1 1 1 1 1 1
1 1 1 1 1 1 1 1 1 1 1 1 1 1 1 1 1 1 1 1 1 1 1 1 1 1 1 1 1 1
1 1 1 1 1 1 1 1 1 1 1 1 1 1 1 1 1 1 1 1 0 1 1 1 1 1 1 1 1 1
1 1 1 1 1 1 1 0 1 1 1 1 1 1 1 1 1 1 1 1 1 1 1 1 1 1 1 1 1 1
1 1 1 1 1 1 1 1 1 1 1 1 1 1 1 1 1 1 1 1 1 1 1 1 1 1 1 1 0 0
1 1 0 1 1 1 1 1 1 1 1 1 1 1 1 1 1 1 1 1 1 1 1 1 1 1 1 1 1 1
1 1 1 1 1 1 1 1 1 1 1 1 1 1 1 1 1 1 1 1 1 1 1 1 1 1 1 1 1 1
1 1 1 1 1 1 1 1 1 1 1 1 1 1 1 1 0 1 1 1 1 1 1 1 1 1 1 1 1 1
0 1 1 1 1 1 1 1 1 1 1 1 1 1 1 1 1 1 1 1 1 1 1 1 1 1 1 1 1 1
1 1 1 1 1 1 1 1 1 1 0 1 1 1 1 1 1 1 1 1 1 1 1 1 1 1 1 1 1 1
1 1 1 1 1 1 1 1 1 1 1 1 1 1 1 1 1 1 1 1 1 1 1 1 1 1 1 1 1 1
1 1 1 1 1 1 1 1 1 1 1 1 1 1 1 1 1 1 1 1 1 1 1 1 1 1 1 1 1 1
1 1 1 1 1 1 1 1 1 1 0 1 1 1 1 1 1 1 1 1 1 1 1 1 1 0 1 1 1 1
1 1 1 1 1 1 1 1 1 1 1 1 1 1 1 1 1 1 1 1 1 1 1 1 1 1 1 1 1 1
wk190907093002 wk GGbond 0907 2 930 1130 21 240 78.00 Chinese 1.00 3D 16 15
1 1 1 0 1 1 0 1 1 1 1 1 1 1 1
1 1 1 1 1 1 1 1 0 1 1 1 1 1 1
1 1 1 1 1 1 1 1 1 1 1 1 1 1 1
0 1 1 1 1 1 1 1 1 1 1 1 1 1 1
1 1 0 0 1 1 1 0 1 1 1 1 1 1 1
1 1 1 1 1 1 0 1 1 1 1 1 1 1 1
1 1 1 1 1 1 1 1 1 1 1 1 1 1 1
1 1 1 0 1 1 1 1 1 1 1 1 1 1 1
1 0 0 1 1 1 1 1 1 1 1 1 1 1 1
1 1 1 1 1 1 1 1 1 1 1 1 1 1 1
1 1 1 1 1 1 1 1 1 1 1 1 1 1 1
1 1 1 1 1 1 0 1 1 1 0 1 1 1 1
1 0 1 1 1 1 1 1 0 1 0 1 1 1 1
1 1 0 1 1 1 1 1 0 1 1 1 1 1 1
1 1 1 1 1 1 1 1 1 0 1 1 1 1 1
1 1 0 1 1 1 1 0 1 1 1 1 1 1 1
wk190907143002 wk GGbond 0907 2 1430 1630 23 240 78.00 Chinese 1.00 3D 16 15
1 1 1 0 1 1 0 1 1 1 1 1 1 1 1
1 1 1 1 1 1 1 1 0 1 1 1 1 1 1
1 1 1 1 1 1 1 1 1 1 1 1 1 1 1
0 1 1 1 1 1 1 1 1 1 1 1 1 1 1
1 1 0 0 0 0 1 1 1 1 1 1 1 1 1
1 1 1 1 1 1 1 1 1 1 1 1 1 1 1
1 1 1 1 1 1 1 1 1 1 0 1 1 1 1
1 1 1 0 1 1 1 1 1 1 1 1 1 1 1
1 0 0 1 1 1 0 1 1 1 1 1 1 1 1
1 1 1 1 1 1 1 1 1 1 1 1 1 1 1
1 1 1 1 1 1 1 1 1 1 1 1 1 1 1
1 1 1 1 1 1 0 1 1 1 0 1 1 1 1
1 0 1 1 1 1 1 1 0 1 0 1 1 1 1
1 1 0 1 1 1 1 1 0 1 1 1 1 1 1
1 1 1 1 1 1 1 1 1 0 1 1 1 1 1
1 1 0 1 1 1 1 0 1 1 1 1 1 1 1
wk190907173002 wk GGbond 0907 2 1730 1930 21 240 78.00 Chinese 1.00 3D 16 15
1 1 1 0 1 1 0 1 1 1 1 1 1 1 1
1 1 1 1 1 1 1 1 0 1 1 1 1 1 1
1 1 1 1 1 1 1 1 1 1 1 1 1 1 1
0 1 1 1 1 1 1 1 1 1 1 1 1 1 1
1 1 0 0 1 1 1 0 1 1 1 1 1 1 1
1 1 1 1 1 1 0 1 1 1 1 1 1 1 1
1 1 1 1 1 1 1 1 1 1 1 1 1 1 1
1 1 1 0 1 1 1 1 1 1 1 1 1 1 1
1 0 1 1 1 1 1 1 1 0 1 1 1 1 1
1 1 1 1 1 1 1 1 1 1 1 1 1 1 1
1 1 1 1 1 1 1 1 1 1 1 1 1 1 1
1 1 1 1 1 1 0 1 1 1 0 1 1 1 1
1 0 1 1 1 1 1 1 0 1 0 1 1 1 1
1 1 0 1 1 1 1 1 0 1 1 1 1 1 1
1 1 1 1 1 1 1 1 1 0 1 1 1 1 1
1 1 0 1 1 1 1 0 1 1 1 1 1 1 1
wk190907095003 wk blackman 0907 3 950 1150 21 306 89.00 Chinese 1.00 2D 17 18
1 1 1 1 1 0 1 1 1 1 1 1 1 0 1 1 1 1
1 1 1 0 1 0 1 1 1 1 1 1 1 1 1 1 1 1
1 1 1 1 1 1 1 1 1 1 1 1 1 1 1 1 1 1
0 1 1 1 1 1 1 1 1 1 1 1 0 1 1 1 1 1
1 1 1 1 1 0 1 1 1 1 1 0 1 1 1 1 1 1
1 1 1 1 1 1 1 1 1 1 1 1 1 1 1 1 1 1
1 1 1 1 1 0 1 1 1 1 1 1 1 1 1 1 0 0
1 1 1 1 1 1 1 1 1 1 1 1 1 1 0 1 1 1
1 1 1 1 1 1 1 1 1 1 1 1 1 1 1 1 1 1
1 1 1 1 1 1 1 1 1 1 1 1 1 1 1 1 1 1
1 1 1 1 1 1 1 1 0 1 1 1 1 1 1 0 1 1
0 1 1 1 1 1 1 1 1 1 1 1 1 1 1 1 1 1
1 1 1 1 1 1 1 1 1 1 1 1 1 1 1 1 1 1
0 1 1 0 1 1 1 1 1 1 1 0 1 1 1 1 0 0
1 1 0 1 1 1 0 1 1 1 1 1 1 1 1 1 1 1
1 1 1 1 1 1 1 1 1 1 1 1 1 1 1 1 1 1
1 1 1 1 1 1 1 1 1 1 1 1 1 1 1 1 0 0
wk190907145003 wk blackman 0907 3 1450 1650 21 306 89.00 Chinese 1.00 2D 17 18
1 1 1 1 1 0 1 1 1 1 1 1 1 0 1 1 1 1
1 1 1 0 1 0 1 1 1 1 1 1 1 1 1 1 1 1
1 1 1 1 1 1 1 1 1 1 1 1 1 1 1 1 1 1
0 1 1 1 1 1 1 1 1 1 1 1 0 1 1 1 1 1
1 1 1 1 1 0 1 1 1 1 1 0 1 1 1 1 1 1
1 1 1 1 1 1 1 1 1 1 1 1 1 1 1 1 1 1
1 1 1 1 1 0 1 1 1 1 1 1 1 1 1 1 0 0
1 1 1 1 1 1 1 1 1 1 1 1 1 1 0 1 1 1
1 1 1 1 1 1 1 1 1 1 1 1 1 1 1 1 1 1
1 1 1 1 1 1 1 1 1 1 1 1 1 1 1 1 1 1
1 1 1 1 1 1 1 1 0 1 1 1 1 1 1 0 1 1
0 1 1 1 1 1 1 1 1 1 1 1 1 1 1 1 1 1
1 1 1 1 1 1 1 1 1 1 1 1 1 1 1 1 1 1
0 1 1 0 1 1 1 1 1 1 1 0 1 1 1 1 0 0
1 1 0 1 1 1 0 1 1 1 1 1 1 1 1 1 1 1
1 1 1 1 1 1 1 1 1 1 1 1 1 1 1 1 1 1
1 1 1 1 1 1 1 1 1 1 1 1 1 1 1 1 0 0
wk190907175003 wk blackman 0907 3 1750 1950 21 306 89.00 Chinese 1.00 2D 17 18
1 1 1 1 1 0 1 1 1 1 1 1 1 0 1 1 1 1
1 1 1 0 1 0 1 1 1 1 1 1 1 1 1 1 1 1
1 1 1 1 1 1 1 1 1 1 1 1 1 1 1 1 1 1
0 1 1 1 1 1 1 1 1 1 1 1 0 1 1 1 1 1
1 1 1 1 1 0 1 1 1 1 1 0 1 1 1 1 1 1
1 1 1 1 1 1 1 1 1 1 1 1 1 1 1 1 1 1
1 1 1 1 1 0 1 1 1 1 1 1 1 1 1 1 0 0
1 1 1 1 1 1 1 1 1 1 1 1 1 1 0 1 1 1
1 1 1 1 1 1 1 1 1 1 1 1 1 1 1 1 1 1
1 1 1 1 1 1 1 1 1 1 1 1 1 1 1 1 1 1
1 1 1 1 1 1 1 1 0 1 1 1 1 1 1 0 1 1
0 1 1 1 1 1 1 1 1 1 1 1 1 1 1 1 1 1
1 1 1 1 1 1 1 1 1 1 1 1 1 1 1 1 1 1
0 1 1 0 1 1 1 1 1 1 1 0 1 1 1 1 0 0
1 1 0 1 1 1 0 1 1 1 1 1 1 1 1 1 1 1
1 1 1 1 1 1 1 1 1 1 1 1 1 1 1 1 1 1
1 1 1 1 1 1 1 1 1 1 1 1 1 1 1 1 0 0
zy190907170403 zy TheAvengers 0907 3 1704 2004 100 306 88.00 Chinese 0.80 2D 17 18
1 1 1 1 1 1 0 0 1 1 1 1 0 0 1 1 1 1
1 0 0 1 0 1 1 0 0 1 1 1 1 1 0 1 1 1
0 1 1 1 1 0 1 1 1 0 1 1 0 1 1 1 0 0
1 1 1 1 1 0 0 0 0 1 0 0 1 0 1 0 1 1
1 0 1 0 1 0 0 1 0 0 0 1 1 1 1 1 1 1
0 1 1 1 1 0 1 1 1 1 0 1 1 1 1 0 1 1
1 1 1 1 1 1 0 1 1 0 1 0 1 1 1 0 0 0
0 0 1 1 1 1 0 1 1 1 1 1 1 1 0 1 0 0
0 1 1 1 1 1 1 0 1 1 1 1 0 1 1 0 1 1
1 1 1 1 1 1 1 1 1 1 0 1 1 1 1 1 1 1
1 1 1 0 1 0 1 1 1 0 0 1 1 1 1 1 0 0
1 0 1 1 1 1 1 1 0 0 1 1 0 1 1 0 1 1
0 0 1 1 0 1 1 0 1 1 1 0 0 1 0 0 1 1
1 1 0 0 0 0 1 1 1 1 1 1 1 0 1 1 0 0
1 0 1 1 1 1 1 1 0 1 0 1 0 1 0 1 1 1
1 1 0 0 1 1 1 1 0 1 0 1 1 1 1 0 0 0
1 1 1 0 0 0 1 1 1 1 0 0 0 1 1 1 1 1
wk190907133004 wk NowYouSeeMe 0907 4 1330 1510 50 240 66.00 Chinese 0.60 2D 16 15
1 0 1 0 1 1 0 1 1 1 0 1 1 0 0
0 1 1 1 1 1 1 0 1 1 0 1 1 1 1
1 1 1 1 1 1 0 1 1 1 0 1 1 1 1
1 1 1 1 1 1 1 1 1 1 1 1 1 0 0
1 1 1 0 0 1 1 1 1 0 0 1 1 1 1
1 1 0 0 1 1 1 1 1 1 1 1 1 1 1
1 1 1 1 1 0 1 1 1 1 1 1 1 1 1
1 1 0 1 1 1 1 1 1 1 0 1 1 1 1
1 1 0 1 1 1 1 1 1 0 1 1 1 1 1
0 1 1 1 0 1 1 1 0 1 1 1 1 1 1
1 1 1 0 1 1 0 1 1 1 1 0 1 0 0
1 1 1 1 1 0 1 1 1 1 1 1 1 1 1
1 1 1 0 0 1 1 1 1 1 1 1 1 1 1
0 0 0 1 0 1 0 1 1 1 1 1 0 1 1
1 1 1 0 1 1 0 1 1 1 1 1 1 1 1
0 1 1 0 1 1 1 1 0 1 0 1 0 1 1
wk190907183004 wk Fast&Furious 0907 4 1830 2010 50 240 66.00 Chinese 0.60 2D 16 15
1 0 1 0 1 1 0 1 1 1 0 1 1 0 0
0 1 1 1 1 1 1 0 1 1 0 1 1 1 1
1 1 1 1 1 1 0 1 1 1 0 1 1 1 1
1 1 1 1 1 1 1 1 1 1 1 1 1 0 0
1 1 1 0 0 1 1 1 1 0 0 1 1 1 1
1 1 0 0 1 1 1 1 1 1 1 1 1 1 1
1 1 1 1 1 0 1 1 1 1 1 1 1 1 1
1 1 0 1 1 1 1 1 1 1 0 1 1 1 1
1 1 0 1 1 1 1 1 1 0 1 1 1 1 1
0 1 1 1 0 1 1 1 0 1 1 1 1 1 1
1 1 1 0 1 1 0 1 1 1 1 0 1 0 0
1 1 1 1 1 0 1 1 1 1 1 1 1 1 1
1 1 1 0 0 1 1 1 1 1 1 1 1 1 1
0 0 0 1 0 1 0 1 1 1 1 1 0 1 1
1 1 1 0 1 1 0 1 1 1 1 1 1 1 1
0 1 1 0 1 1 1 1 0 1 0 1 0 1 1
wk190907105004 wk superMan 0907 4 1050 1230 50 240 88.00 Chinese 1.00 2D 16 15
1 0 1 0 1 1 0 1 1 1 0 1 1 0 0
0 1 1 1 1 1 1 0 1 1 0 1 1 1 1
1 1 1 1 1 1 0 1 1 1 0 1 1 1 1
1 1 1 1 1 1 1 1 1 1 1 1 1 0 0
1 1 1 0 0 1 1 1 1 0 0 1 1 1 1
1 1 0 0 1 1 1 1 1 1 1 1 1 1 1
1 1 1 1 1 0 1 1 1 1 1 1 1 1 1
1 1 0 1 1 1 1 1 1 1 0 1 1 1 1
1 1 0 1 1 1 1 1 1 0 1 1 1 1 1
0 1 1 1 0 1 1 1 0 1 1 1 1 1 1
1 1 1 0 1 1 0 1 1 1 1 0 1 0 0
1 1 1 1 1 0 1 1 1 1 1 1 1 1 1
1 1 1 0 0 1 1 1 1 1 1 1 1 1 1
0 0 0 1 0 1 0 1 1 1 1 1 0 1 1
1 1 1 0 1 1 0 1 1 1 1 1 1 1 1
0 1 1 0 1 1 1 1 0 1 0 1 0 1 1
dd190907155001 dd pikachu 0907 1 1550 1820 100 552 77.00 Chinese 1.00 IMAX 23 24
1 1 0 1 0 1 1 1 1 0 0 1 1 1 0 1 1 1 1 0 1 0 1 1
1 0 1 1 0 1 1 1 1 1 1 1 1 0 1 1 1 1 0 1 0 1 1 1
1 1 1 1 0 1 1 1 1 1 1 1 1 1 1 1 0 0 1 1 1 1 1 1
1 0 1 1 1 1 1 1 1 1 1 1 1 0 0 1 1 1 1 1 1 1 1 1
1 0 1 1 1 1 0 1 1 1 1 1 1 1 1 1 1 1 1 1 1 0 1 1
0 1 0 1 1 1 1 0 1 1 1 1 1 0 1 1 1 1 1 1 1 1 0 0
1 1 1 0 0 1 1 1 1 1 0 0 1 1 1 1 1 1 1 0 1 1 0 0
1 1 1 1 0 1 1 1 0 1 1 1 0 1 1 0 1 0 1 1 1 1 1 1
0 1 0 1 1 0 1 1 1 1 1 0 1 1 1 0 1 1 1 1 1 1 1 1
1 0 1 1 1 1 1 1 1 1 0 1 1 1 1 1 1 1 1 1 1 0 1 1
1 1 0 1 1 0 1 1 1 1 0 1 1 0 1 1 1 1 0 0 1 1 1 1
1 0 1 0 1 1 0 1 0 1 1 0 1 1 1 1 1 1 1 1 1 0 1 1
1 1 1 1 0 1 1 1 1 1 0 1 0 1 1 1 1 1 1 1 1 1 0 0
1 1 1 1 1 1 1 1 1 1 1 0 1 0 0 1 0 1 1 1 0 1 1 1
0 1 1 1 1 1 1 0 1 1 1 1 1 1 1 1 1 0 1 1 1 1 0 0
1 1 1 1 1 1 1 0 1 1 1 0 1 0 0 1 1 1 1 0 1 1 1 1
1 1 1 1 1 1 1 1 1 1 1 1 1 1 1 1 1 1 1 1 1 1 1 1
0 1 1 1 0 1 1 1 1 1 0 1 1 0 1 1 1 1 1 1 1 1 1 1
0 1 1 0 1 0 1 1 1 1 1 1 1 1 1 0 1 1 1 0 0 1 1 1
0 1 1 0 1 1 0 1 1 1 1 1 1 1 1 1 0 0 1 1 1 1 1 1
1 1 1 1 1 1 1 1 1 1 1 1 0 1 1 1 1 1 1 1 1 1 1 1
1 1 1 1 1 1 0 0 1 1 1 1 1 1 0 1 1 1 1 1 0 1 0 0
1 1 0 1 1 1 1 1 1 1 1 1 0 1 1 0 0 1 1 1 1 1 1 1
dd190907135003 dd pokemon 0907 3 1350 1600 100 306 54.00 Chinese 1.00 2D 17 18
1 1 1 1 1 1 0 0 1 1 1 1 0 0 1 1 1 1
1 0 0 1 0 1 1 0 0 1 1 1 1 1 0 1 1 1
0 1 1 1 1 0 1 1 1 0 1 1 0 1 1 1 0 0
1 1 1 1 1 0 0 0 0 1 0 0 1 0 1 0 1 1
1 0 1 0 1 0 0 1 0 0 0 1 1 1 1 1 1 1
0 1 1 1 1 0 1 1 1 1 0 1 1 1 1 0 1 1
1 1 1 1 1 1 0 1 1 0 1 0 1 1 1 0 0 0
0 0 1 1 1 1 0 1 1 1 1 1 1 1 0 1 0 0
0 1 1 1 1 1 1 0 1 1 1 1 0 1 1 0 1 1
1 1 1 1 1 1 1 1 1 1 0 1 1 1 1 1 1 1
1 1 1 0 1 0 1 1 1 0 0 1 1 1 1 1 0 0
1 0 1 1 1 1 1 1 0 0 1 1 0 1 1 0 1 1
0 0 1 1 0 1 1 0 1 1 1 0 0 1 0 0 1 1
1 1 0 0 0 0 1 1 1 1 1 1 1 0 1 1 0 0
1 0 1 1 1 1 1 1 0 1 0 1 0 1 0 1 1 1
1 1 0 0 1 1 1 1 0 1 0 1 1 1 1 0 0 0
1 1 1 0 0 0 1 1 1 1 0 0 0 1 1 1 1 1
dd190907165002 dd TheAvengers 0907 2 1650 1950 50 240 66.00 Chinese 1.00 3D 16 15
1 0 1 0 1 1 0 1 1 1 0 1 1 0 0
0 1 1 1 1 1 1 0 1 1 0 1 1 1 1
1 1 1 1 1 1 0 1 1 1 0 1 1 1 1
1 1 1 1 1 1 1 1 1 1 1 1 1 0 0
1 1 1 0 0 1 1 1 1 0 0 1 1 1 1
1 1 0 0 1 1 1 1 1 1 1 1 1 1 1
1 1 1 1 1 0 1 1 1 1 1 1 1 1 1
1 1 0 1 1 1 1 1 1 1 0 1 1 1 1
1 1 0 1 1 1 1 1 1 0 1 1 1 1 1
0 1 1 1 0 1 1 1 0 1 1 1 1 1 1
1 1 1 0 1 1 0 1 1 1 1 0 1 0 0
1 1 1 1 1 0 1 1 1 1 1 1 1 1 1
1 1 1 0 0 1 1 1 1 1 1 1 1 1 1
0 0 0 1 0 1 0 1 1 1 1 1 0 1 1
1 1 1 0 1 1 0 1 1 1 1 1 1 1 1
0 1 1 0 1 1 1 1 0 1 0 1 0 1 1
dd190907105001 dd SchindlerList 0907 1 1050 1405 100 552 66.00 English 1.00 IMAX 23 24
1 1 0 1 0 1 1 1 1 0 0 1 1 1 0 1 1 1 1 0 1 0 1 1
1 0 1 1 0 1 1 1 1 1 1 1 1 0 1 1 1 1 0 1 0 1 1 1
1 1 1 1 0 1 1 1 1 1 1 1 1 1 1 1 0 0 1 1 1 1 1 1
1 0 1 1 1 1 1 1 1 1 1 1 1 0 0 1 1 1 1 1 1 1 1 1
1 0 1 1 1 1 0 1 1 1 1 1 1 1 1 1 1 1 1 1 1 0 1 1
0 1 0 1 1 1 1 0 1 1 1 1 1 0 1 1 1 1 1 1 1 1 0 0
1 1 1 0 0 1 1 1 1 1 0 0 1 1 1 1 1 1 1 0 1 1 0 0
1 1 1 1 0 1 1 1 0 1 1 1 0 1 1 0 1 0 1 1 1 1 1 1
0 1 0 1 1 0 1 1 1 1 1 0 1 1 1 0 1 1 1 1 1 1 1 1
1 0 1 1 1 1 1 1 1 1 0 1 1 1 1 1 1 1 1 1 1 0 1 1
1 1 0 1 1 0 1 1 1 1 0 1 1 0 1 1 1 1 0 0 1 1 1 1
1 0 1 0 1 1 0 1 0 1 1 0 1 1 1 1 1 1 1 1 1 0 1 1
1 1 1 1 0 1 1 1 1 1 0 1 0 1 1 1 1 1 1 1 1 1 0 0
1 1 1 1 1 1 1 1 1 1 1 0 1 0 0 1 0 1 1 1 0 1 1 1
0 1 1 1 1 1 1 0 1 1 1 1 1 1 1 1 1 0 1 1 1 1 0 0
1 1 1 1 1 1 1 0 1 1 1 0 1 0 0 1 1 1 1 0 1 1 1 1
1 1 1 1 1 1 1 1 1 1 1 1 1 1 1 1 1 1 1 1 1 1 1 1
0 1 1 1 0 1 1 1 1 1 0 1 1 0 1 1 1 1 1 1 1 1 1 1
0 1 1 0 1 0 1 1 1 1 1 1 1 1 1 0 1 1 1 0 0 1 1 1
0 1 1 0 1 1 0 1 1 1 1 1 1 1 1 1 0 0 1 1 1 1 1 1
1 1 1 1 1 1 1 1 1 1 1 1 0 1 1 1 1 1 1 1 1 1 1 1
1 1 1 1 1 1 0 0 1 1 1 1 1 1 0 1 1 1 1 1 0 1 0 0
1 1 0 1 1 1 1 1 1 1 1 1 0 1 1 0 0 1 1 1 1 1 1 1
dd190907111002 dd Dunkirk 0907 2 1110 1310 50 240 88.00 English 0.90 3D 16 15
1 0 1 0 1 1 0 1 1 1 0 1 1 0 0
0 1 1 1 1 1 1 0 1 1 0 1 1 1 1
1 1 1 1 1 1 0 1 1 1 0 1 1 1 1
1 1 1 1 1 1 1 1 1 1 1 1 1 0 0
1 1 1 0 0 1 1 1 1 0 0 1 1 1 1
1 1 0 0 1 1 1 1 1 1 1 1 1 1 1
1 1 1 1 1 0 1 1 1 1 1 1 1 1 1
1 1 0 1 1 1 1 1 1 1 0 1 1 1 1
1 1 0 1 1 1 1 1 1 0 1 1 1 1 1
0 1 1 1 0 1 1 1 0 1 1 1 1 1 1
1 1 1 0 1 1 0 1 1 1 1 0 1 0 0
1 1 1 1 1 0 1 1 1 1 1 1 1 1 1
1 1 1 0 0 1 1 1 1 1 1 1 1 1 1
0 0 0 1 0 1 0 1 1 1 1 1 0 1 1
1 1 1 0 1 1 0 1 1 1 1 1 1 1 1
0 1 1 0 1 1 1 1 0 1 0 1 0 1 1
dd190907101003 dd SavingHim 0907 3 1010 1259 97 306 88.00 English 0.40 2D 17 18
1 1 1 1 1 1 0 0 1 1 1 1 0 0 1 1 1 1
1 0 0 1 0 1 1 0 0 1 1 1 1 1 0 1 1 1
0 1 1 1 1 0 1 1 1 0 1 1 0 1 1 1 0 0
1 1 1 1 1 0 0 0 0 1 0 0 1 0 1 0 1 1
1 0 1 0 1 0 0 1 1 1 1 1 1 1 1 1 1 1
0 1 1 1 1 0 1 1 1 1 0 1 1 1 1 0 1 1
1 1 1 1 1 1 0 1 1 0 1 0 1 1 1 0 0 0
0 0 1 1 1 1 0 1 1 1 1 1 1 1 0 1 0 0
0 1 1 1 1 1 1 0 1 1 1 1 0 1 1 0 1 1
1 1 1 1 1 1 1 1 1 1 0 1 1 1 1 1 1 1
1 1 1 0 1 0 1 1 1 0 0 1 1 1 1 1 0 0
1 0 1 1 1 1 1 1 0 0 1 1 0 1 1 0 1 1
0 0 1 1 0 1 1 0 1 1 1 0 0 1 0 0 1 1
1 1 0 0 0 0 1 1 1 1 1 1 1 0 1 1 0 0
1 0 1 1 1 1 1 1 0 1 0 1 0 1 0 1 1 1
1 1 0 0 1 1 1 1 0 1 0 1 1 1 1 0 0 0
1 1 1 0 0 0 1 1 1 1 0 0 0 1 1 1 1 1
wk190908091001 wk spiderman 0908 1 910 1110 21 810 99.00 Chinese 0.90 IMAX 27 30
1 1 1 1 1 1 1 1 1 1 1 1 1 1 1 0 1 1 1 1 1 1 1 1 1 1 1 1 1 1
1 1 1 1 1 1 1 1 1 1 1 1 1 1 1 1 1 1 1 1 1 1 1 1 1 1 1 1 1 1
1 1 1 1 1 1 1 1 1 1 1 1 1 1 1 1 1 1 1 1 1 1 1 1 1 1 1 0 1 1
1 1 1 1 1 1 1 1 0 1 1 1 1 1 1 1 1 1 1 1 1 1 1 1 1 1 1 1 1 1
1 1 1 1 0 1 1 1 1 1 1 1 1 1 1 1 1 1 1 1 1 1 1 1 1 1 1 1 1 1
1 1 1 1 1 1 1 1 0 0 1 1 1 1 1 1 1 1 1 1 1 1 1 1 1 1 1 1 1 1
1 1 1 1 1 1 1 1 1 1 1 1 1 1 1 1 1 1 1 1 0 1 1 1 1 1 1 1 1 1
1 1 1 1 1 1 1 1 1 1 1 1 1 1 1 1 1 1 1 1 1 1 1 1 1 1 1 1 1 1
1 1 1 1 1 1 1 1 0 1 1 1 1 0 1 1 1 1 1 1 1 1 1 1 1 1 1 1 1 1
1 1 1 1 1 1 1 1 1 1 1 1 1 1 1 1 1 1 1 1 0 1 1 1 1 1 1 1 1 1
1 1 1 1 1 1 1 1 1 1 0 1 1 1 1 1 1 1 1 1 1 1 1 1 1 1 1 1 1 1
0 1 1 1 1 1 1 1 1 1 1 1 1 1 1 0 1 1 1 1 1 1 1 1 1 1 1 1 1 1
1 1 1 1 1 1 1 1 1 1 1 1 1 1 1 1 1 1 1 1 1 1 1 1 1 1 1 1 1 1
1 1 1 1 1 1 1 1 1 1 1 1 1 1 1 1 1 1 1 1 1 1 1 1 1 1 1 1 1 1
1 1 1 1 1 1 1 1 1 1 1 1 1 1 1 1 1 1 1 1 1 1 1 1 1 1 1 1 1 1
1 1 1 1 1 1 1 1 1 1 1 1 1 1 1 1 1 1 1 1 1 1 1 1 1 1 1 1 1 1
1 1 1 1 1 1 1 1 1 1 1 1 1 1 1 1 1 1 1 1 1 1 1 1 1 1 1 1 1 1
1 1 1 1 1 1 1 1 1 1 1 1 1 1 1 1 1 0 1 1 1 1 1 1 1 1 1 1 1 1
1 1 1 1 1 1 1 1 1 1 1 1 1 1 1 1 1 1 1 1 1 1 1 1 1 1 1 1 1 1
1 1 1 1 1 1 1 1 0 1 1 0 1 1 1 1 1 1 1 1 1 1 1 1 1 1 1 1 1 1
1 1 1 1 1 1 1 1 1 1 1 1 1 1 1 1 1 1 1 1 1 1 1 1 1 1 1 1 1 1
1 1 1 1 1 1 1 1 1 1 1 1 1 1 1 1 1 1 1 1 1 1 1 1 1 1 1 1 1 1
1 1 1 1 1 1 1 1 1 1 1 1 1 1 0 1 1 1 1 1 1 1 1 1 1 1 1 1 1 1
1 1 1 1 1 1 1 1 1 1 1 1 1 1 1 1 1 1 1 1 1 1 1 1 1 0 1 1 1 1
1 1 1 1 1 1 0 1 1 1 1 1 1 1 1 1 1 1 1 1 0 1 1 1 1 1 1 1 1 1
1 1 1 1 1 1 1 1 0 1 1 1 1 1 1 1 1 1 1 1 1 1 1 1 1 1 1 1 1 1
1 1 1 1 1 1 1 1 1 1 1 1 1 1 1 1 1 1 1 1 1 1 1 1 1 1 1 1 1 1
wk190908141001 wk spiderman 0908 1 1410 1610 24 810 99.00 Chinese 0.90 IMAX 27 30
1 1 1 1 1 1 1 1 1 1 1 1 1 1 1 1 1 1 1 1 1 1 1 1 1 1 1 1 1 1
1 1 1 1 1 1 1 1 1 1 1 1 1 1 1 1 1 1 1 1 1 1 1 1 1 1 1 1 1 1
1 1 1 1 1 1 1 1 1 1 1 1 1 1 1 1 1 1 1 1 1 1 1 1 1 1 1 1 1 1
1 1 1 1 1 1 1 1 1 1 1 1 1 1 1 1 1 1 1 1 1 1 0 1 1 1 1 1 1 1
1 1 1 1 1 1 1 1 1 1 1 1 1 0 1 1 1 1 1 1 1 1 1 1 1 1 1 1 1 1
1 1 1 1 1 1 1 1 1 1 1 1 1 1 1 1 1 1 1 1 1 1 1 1 1 1 1 0 1 1
1 1 1 1 1 1 1 1 1 1 1 1 1 1 1 1 1 1 1 1 1 1 1 1 1 1 1 1 1 1
1 1 1 0 1 1 1 1 1 1 1 1 1 1 1 1 1 1 1 1 1 1 1 1 1 1 1 1 1 1
1 1 1 1 1 1 1 1 1 1 1 1 1 1 1 1 1 1 1 1 1 1 1 1 1 1 1 1 1 1
1 1 1 1 1 1 1 1 1 1 1 1 1 1 1 1 1 1 1 1 1 1 1 1 1 1 0 1 1 1
1 1 1 1 1 1 1 1 1 1 1 1 0 1 1 1 1 1 0 1 1 1 1 1 1 1 1 1 1 1
1 1 1 1 1 1 1 1 1 1 1 1 1 1 1 1 1 1 1 1 1 1 1 1 1 1 1 1 1 1
1 1 1 1 1 1 1 1 1 1 1 1 1 1 1 1 1 1 1 1 1 1 1 1 1 1 1 1 1 1
1 1 1 1 1 1 1 1 1 1 1 1 1 1 0 1 1 1 1 1 1 1 1 1 1 1 1 0 1 1
1 1 1 1 1 1 1 1 1 1 1 1 1 1 1 1 1 1 1 1 1 1 1 1 1 1 1 1 1 1
1 1 1 1 1 1 0 1 1 1 1 1 1 1 1 1 1 1 1 1 1 1 1 1 1 1 1 1 1 1
1 1 1 1 1 1 1 1 1 1 1 1 1 1 1 1 1 1 1 0 1 1 1 1 1 1 1 1 1 1
1 0 1 1 1 1 1 1 1 1 1 1 1 1 1 0 1 1 1 1 1 1 1 1 1 1 1 1 1 1
1 1 1 1 1 1 1 1 1 1 1 1 1 1 1 1 1 1 1 1 1 1 1 1 1 1 1 1 1 1
0 0 1 1 1 1 1 1 1 1 1 1 1 1 1 1 1 1 1 1 1 1 1 1 1 1 1 1 1 1
1 1 1 1 1 1 1 1 1 1 1 1 1 1 1 1 1 1 1 1 1 1 1 1 1 1 1 1 1 1
1 1 1 1 1 1 1 1 1 1 1 1 1 1 1 1 1 1 1 1 1 1 1 1 1 1 1 1 1 1
1 1 1 1 1 1 1 1 1 1 1 0 1 0 1 1 1 1 1 1 1 1 1 1 1 1 0 1 1 1
1 1 1 1 1 1 1 1 1 1 1 1 1 1 1 1 1 1 1 1 1 1 1 1 1 1 1 1 1 1
1 0 1 0 1 1 1 1 1 1 1 1 1 1 1 1 1 1 1 1 1 1 1 1 1 1 1 1 1 1
0 1 1 1 1 1 1 1 1 1 1 0 1 1 1 1 1 1 1 1 1 1 1 1 0 1 1 1 1 1
1 1 1 1 1 1 1 1 1 1 1 1 1 1 1 1 1 1 1 1 1 0 1 1 1 1 1 1 1 1
wk190908171001 wk spiderman 0908 1 1710 1910 27 810 99.00 Chinese 0.90 IMAX 27 30
1 1 1 0 1 1 1 1 1 1 1 1 1 1 1 1 1 1 1 1 1 1 1 1 1 1 1 1 1 1
0 1 1 1 1 1 1 1 1 1 1 0 1 1 1 1 1 1 1 1 1 1 1 1 0 1 1 1 1 1
1 1 1 1 0 1 0 1 1 1 0 1 1 1 1 1 1 1 1 1 1 1 0 1 1 1 1 1 1 1
1 1 1 1 1 1 1 1 1 1 1 1 1 1 1 1 1 1 1 1 1 1 1 1 1 1 1 1 1 1
1 1 1 1 1 1 1 1 1 1 1 1 1 1 1 1 1 1 1 1 1 1 1 1 1 1 1 1 1 1
1 1 1 1 1 1 1 1 1 1 1 1 1 1 1 1 1 1 1 1 1 1 1 1 1 1 1 1 1 1
1 1 1 1 1 1 1 1 1 1 1 1 1 1 1 1 1 1 1 1 1 1 1 1 1 1 1 1 1 1
1 1 1 1 1 1 0 1 1 0 1 1 1 1 1 1 1 1 1 1 0 1 1 0 1 1 1 1 1 1
1 1 1 1 1 1 1 1 1 1 1 1 1 1 1 1 1 1 1 1 1 1 1 1 1 1 1 1 1 1
1 1 1 1 1 1 1 1 1 1 1 1 1 1 1 1 1 1 1 1 1 1 1 1 1 1 1 1 1 1
1 1 1 1 0 1 1 1 0 1 1 1 1 1 1 1 1 1 1 1 1 1 1 1 1 1 1 1 1 1
1 1 1 1 1 1 1 1 1 1 1 1 0 1 1 1 1 1 1 1 1 1 1 0 1 1 1 1 1 1
1 1 1 1 1 1 1 1 1 1 1 1 1 1 1 1 1 1 1 1 1 1 1 1 0 1 1 1 1 1
1 1 1 1 1 1 1 1 1 1 1 1 1 1 0 1 1 1 1 1 1 1 1 1 1 1 1 1 1 1
1 1 1 1 1 1 1 1 1 1 1 1 1 1 1 1 1 1 1 1 1 1 1 1 1 1 1 1 1 1
1 1 1 1 1 1 1 1 1 1 1 1 1 1 1 1 1 1 1 1 0 1 1 1 1 1 1 1 1 1
1 1 1 1 1 1 1 0 1 1 1 1 1 1 1 1 1 1 1 1 1 1 1 1 1 1 1 1 1 1
1 1 1 1 1 1 1 1 1 1 1 1 1 1 1 1 1 1 1 1 1 1 1 1 1 1 1 1 0 0
1 1 0 1 1 1 1 1 1 1 1 1 1 1 1 1 1 1 1 1 1 1 1 1 1 1 1 1 1 1
1 1 1 1 1 1 1 1 1 1 1 1 1 1 1 1 1 1 1 1 1 1 1 1 1 1 1 1 1 1
1 1 1 1 1 1 1 1 1 1 1 1 1 1 1 1 0 1 1 1 1 1 1 1 1 1 1 1 1 1
0 1 1 1 1 1 1 1 1 1 1 1 1 1 1 1 1 1 1 1 1 1 1 1 1 1 1 1 1 1
1 1 1 1 1 1 1 1 1 1 0 1 1 1 1 1 1 1 1 1 1 1 1 1 1 1 1 1 1 1
1 1 1 1 1 1 1 1 1 1 1 1 1 1 1 1 1 1 1 1 1 1 1 1 1 1 1 1 1 1
1 1 1 1 1 1 1 1 1 1 1 1 1 1 1 1 1 1 1 1 1 1 1 1 1 1 1 1 1 1
1 1 1 1 1 1 1 1 1 1 0 1 1 1 1 1 1 1 1 1 1 1 1 1 1 0 1 1 1 1
1 1 1 1 1 1 1 1 1 1 1 1 1 1 1 1 1 1 1 1 1 1 1 1 1 1 1 1 1 1
wk190908093002 wk GGbond 0908 2 930 1130 21 240 78.00 Chinese 1.00 3D 16 15
1 1 1 0 1 1 0 1 1 1 1 1 1 1 1
1 1 1 1 1 1 1 1 0 1 1 1 1 1 1
1 1 1 1 1 1 1 1 1 1 1 1 1 1 1
0 1 1 1 1 1 1 1 1 1 1 1 1 1 1
1 1 0 0 1 1 1 0 1 1 1 1 1 1 1
1 1 1 1 1 1 0 1 1 1 1 1 1 1 1
1 1 1 1 1 1 1 1 1 1 1 1 1 1 1
1 1 1 0 1 1 1 1 1 1 1 1 1 1 1
1 0 0 1 1 1 1 1 1 1 1 1 1 1 1
1 1 1 1 1 1 1 1 1 1 1 1 1 1 1
1 1 1 1 1 1 1 1 1 1 1 1 1 1 1
1 1 1 1 1 1 0 1 1 1 0 1 1 1 1
1 0 1 1 1 1 1 1 0 1 0 1 1 1 1
1 1 0 1 1 1 1 1 0 1 1 1 1 1 1
1 1 1 1 1 1 1 1 1 0 1 1 1 1 1
1 1 0 1 1 1 1 0 1 1 1 1 1 1 1
wk190908143002 wk GGbond 0908 2 1430 1630 23 240 78.00 Chinese 1.00 3D 16 15
1 1 1 0 1 1 0 1 1 1 1 1 1 1 1
1 1 1 1 1 1 1 1 0 1 1 1 1 1 1
1 1 1 1 1 1 1 1 1 1 1 1 1 1 1
0 1 1 1 1 1 1 1 1 1 1 1 1 1 1
1 1 0 0 0 0 1 1 1 1 1 1 1 1 1
1 1 1 1 1 1 1 1 1 1 1 1 1 1 1
1 1 1 1 1 1 1 1 1 1 0 1 1 1 1
1 1 1 0 1 1 1 1 1 1 1 1 1 1 1
1 0 0 1 1 1 0 1 1 1 1 1 1 1 1
1 1 1 1 1 1 1 1 1 1 1 1 1 1 1
1 1 1 1 1 1 1 1 1 1 1 1 1 1 1
1 1 1 1 1 1 0 1 1 1 0 1 1 1 1
1 0 1 1 1 1 1 1 0 1 0 1 1 1 1
1 1 0 1 1 1 1 1 0 1 1 1 1 1 1
1 1 1 1 1 1 1 1 1 0 1 1 1 1 1
1 1 0 1 1 1 1 0 1 1 1 1 1 1 1
wk190908173002 wk GGbond 0908 2 1730 1930 21 240 78.00 Chinese 1.00 3D 16 15
1 1 1 0 1 1 0 1 1 1 1 1 1 1 1
1 1 1 1 1 1 1 1 0 1 1 1 1 1 1
1 1 1 1 1 1 1 1 1 1 1 1 1 1 1
0 1 1 1 1 1 1 1 1 1 1 1 1 1 1
1 1 0 0 1 1 1 0 1 1 1 1 1 1 1
1 1 1 1 1 1 0 1 1 1 1 1 1 1 1
1 1 1 1 1 1 1 1 1 1 1 1 1 1 1
1 1 1 0 1 1 1 1 1 1 1 1 1 1 1
1 0 1 1 1 1 1 1 1 0 1 1 1 1 1
1 1 1 1 1 1 1 1 1 1 1 1 1 1 1
1 1 1 1 1 1 1 1 1 1 1 1 1 1 1
1 1 1 1 1 1 0 1 1 1 0 1 1 1 1
1 0 1 1 1 1 1 1 0 1 0 1 1 1 1
1 1 0 1 1 1 1 1 0 1 1 1 1 1 1
1 1 1 1 1 1 1 1 1 0 1 1 1 1 1
1 1 0 1 1 1 1 0 1 1 1 1 1 1 1
wk190908095003 wk blackman 0908 3 950 1150 21 306 89.00 Chinese 1.00 2D 17 18
1 1 1 1 1 0 1 1 1 1 1 1 1 0 1 1 1 1
1 1 1 0 1 0 1 1 1 1 1 1 1 1 1 1 1 1
1 1 1 1 1 1 1 1 1 1 1 1 1 1 1 1 1 1
0 1 1 1 1 1 1 1 1 1 1 1 0 1 1 1 1 1
1 1 1 1 1 0 1 1 1 1 1 0 1 1 1 1 1 1
1 1 1 1 1 1 1 1 1 1 1 1 1 1 1 1 1 1
1 1 1 1 1 0 1 1 1 1 1 1 1 1 1 1 0 0
1 1 1 1 1 1 1 1 1 1 1 1 1 1 0 1 1 1
1 1 1 1 1 1 1 1 1 1 1 1 1 1 1 1 1 1
1 1 1 1 1 1 1 1 1 1 1 1 1 1 1 1 1 1
1 1 1 1 1 1 1 1 0 1 1 1 1 1 1 0 1 1
0 1 1 1 1 1 1 1 1 1 1 1 1 1 1 1 1 1
1 1 1 1 1 1 1 1 1 1 1 1 1 1 1 1 1 1
0 1 1 0 1 1 1 1 1 1 1 0 1 1 1 1 0 0
1 1 0 1 1 1 0 1 1 1 1 1 1 1 1 1 1 1
1 1 1 1 1 1 1 1 1 1 1 1 1 1 1 1 1 1
1 1 1 1 1 1 1 1 1 1 1 1 1 1 1 1 0 0
wk190908145003 wk blackman 0908 3 1450 1650 21 306 89.00 Chinese 1.00 2D 17 18
1 1 1 1 1 0 1 1 1 1 1 1 1 0 1 1 1 1
1 1 1 0 1 0 1 1 1 1 1 1 1 1 1 1 1 1
1 1 1 1 1 1 1 1 1 1 1 1 1 1 1 1 1 1
0 1 1 1 1 1 1 1 1 1 1 1 0 1 1 1 1 1
1 1 1 1 1 0 1 1 1 1 1 0 1 1 1 1 1 1
1 1 1 1 1 1 1 1 1 1 1 1 1 1 1 1 1 1
1 1 1 1 1 0 1 1 1 1 1 1 1 1 1 1 0 0
1 1 1 1 1 1 1 1 1 1 1 1 1 1 0 1 1 1
1 1 1 1 1 1 1 1 1 1 1 1 1 1 1 1 1 1
1 1 1 1 1 1 1 1 1 1 1 1 1 1 1 1 1 1
1 1 1 1 1 1 1 1 0 1 1 1 1 1 1 0 1 1
0 1 1 1 1 1 1 1 1 1 1 1 1 1 1 1 1 1
1 1 1 1 1 1 1 1 1 1 1 1 1 1 1 1 1 1
0 1 1 0 1 1 1 1 1 1 1 0 1 1 1 1 0 0
1 1 0 1 1 1 0 1 1 1 1 1 1 1 1 1 1 1
1 1 1 1 1 1 1 1 1 1 1 1 1 1 1 1 1 1
1 1 1 1 1 1 1 1 1 1 1 1 1 1 1 1 0 0
wk190908175003 wk blackman 0908 3 1750 1950 21 306 89.00 Chinese 1.00 2D 17 18
1 1 1 1 1 0 1 1 1 1 1 1 1 0 1 1 1 1
1 1 1 0 1 0 1 1 1 1 1 1 1 1 1 1 1 1
1 1 1 1 1 1 1 1 1 1 1 1 1 1 1 1 1 1
0 1 1 1 1 1 1 1 1 1 1 1 0 1 1 1 1 1
1 1 1 1 1 0 1 1 1 1 1 0 1 1 1 1 1 1
1 1 1 1 1 1 1 1 1 1 1 1 1 1 1 1 1 1
1 1 1 1 1 0 1 1 1 1 1 1 1 1 1 1 0 0
1 1 1 1 1 1 1 1 1 1 1 1 1 1 0 1 1 1
1 1 1 1 1 1 1 1 1 1 1 1 1 1 1 1 1 1
1 1 1 1 1 1 1 1 1 1 1 1 1 1 1 1 1 1
1 1 1 1 1 1 1 1 0 1 1 1 1 1 1 0 1 1
0 1 1 1 1 1 1 1 1 1 1 1 1 1 1 1 1 1
1 1 1 1 1 1 1 1 1 1 1 1 1 1 1 1 1 1
0 1 1 0 1 1 1 1 1 1 1 0 1 1 1 1 0 0
1 1 0 1 1 1 0 1 1 1 1 1 1 1 1 1 1 1
1 1 1 1 1 1 1 1 1 1 1 1 1 1 1 1 1 1
1 1 1 1 1 1 1 1 1 1 1 1 1 1 1 1 0 0
zy190908170403 zy TheAvengers 0908 3 1704 2004 95 306 88.00 Chinese 0.80 2D 17 18
1 1 1 1 1 1 0 0 1 1 1 1 0 0 1 1 1 1
1 0 0 1 0 1 1 0 0 1 1 1 1 1 0 1 1 1
0 1 1 1 1 0 1 1 1 0 1 1 0 1 1 1 0 0
1 1 1 1 1 0 0 0 0 1 0 0 1 0 1 0 1 1
1 0 1 0 1 0 0 1 1 1 1 1 1 1 1 1 1 1
0 1 1 1 1 0 1 1 1 1 0 1 1 1 1 0 1 1
1 1 1 1 1 1 0 1 1 0 1 0 1 1 1 0 0 0
0 0 1 1 1 1 0 1 1 1 1 1 1 1 0 1 0 0
0 1 1 1 1 1 1 0 1 1 1 1 0 1 1 0 1 1
1 1 1 1 1 1 1 1 1 1 0 1 1 1 1 1 1 1
1 1 1 0 1 0 1 1 1 1 1 1 1 1 1 1 0 0
1 0 1 1 1 1 1 1 0 0 1 1 0 1 1 0 1 1
0 0 1 1 0 1 1 0 1 1 1 0 0 1 0 0 1 1
1 1 0 0 0 0 1 1 1 1 1 1 1 0 1 1 0 0
1 0 1 1 1 1 1 1 0 1 0 1 0 1 0 1 1 1
1 1 0 0 1 1 1 1 0 1 0 1 1 1 1 0 0 0
1 1 1 0 0 0 1 1 1 1 0 0 0 1 1 1 1 1
wk190908133004 wk NowYouSeeMe 0908 4 1330 1510 50 240 66.00 Chinese 0.60 2D 16 15
1 0 1 0 1 1 0 1 1 1 0 1 1 0 0
0 1 1 1 1 1 1 0 1 1 0 1 1 1 1
1 1 1 1 1 1 0 1 1 1 0 1 1 1 1
1 1 1 1 1 1 1 1 1 1 1 1 1 0 0
1 1 1 0 0 1 1 1 1 0 0 1 1 1 1
1 1 0 0 1 1 1 1 1 1 1 1 1 1 1
1 1 1 1 1 0 1 1 1 1 1 1 1 1 1
1 1 0 1 1 1 1 1 1 1 0 1 1 1 1
1 1 0 1 1 1 1 1 1 0 1 1 1 1 1
0 1 1 1 0 1 1 1 0 1 1 1 1 1 1
1 1 1 0 1 1 0 1 1 1 1 0 1 0 0
1 1 1 1 1 0 1 1 1 1 1 1 1 1 1
1 1 1 0 0 1 1 1 1 1 1 1 1 1 1
0 0 0 1 0 1 0 1 1 1 1 1 0 1 1
1 1 1 0 1 1 0 1 1 1 1 1 1 1 1
0 1 1 0 1 1 1 1 0 1 0 1 0 1 1
wk190908183004 wk Fast&Furious 0908 4 1830 2010 50 240 66.00 Chinese 0.60 2D 16 15
1 0 1 0 1 1 0 1 1 1 0 1 1 0 0
0 1 1 1 1 1 1 0 1 1 0 1 1 1 1
1 1 1 1 1 1 0 1 1 1 0 1 1 1 1
1 1 1 1 1 1 1 1 1 1 1 1 1 0 0
1 1 1 0 0 1 1 1 1 0 0 1 1 1 1
1 1 0 0 1 1 1 1 1 1 1 1 1 1 1
1 1 1 1 1 0 1 1 1 1 1 1 1 1 1
1 1 0 1 1 1 1 1 1 1 0 1 1 1 1
1 1 0 1 1 1 1 1 1 0 1 1 1 1 1
0 1 1 1 0 1 1 1 0 1 1 1 1 1 1
1 1 1 0 1 1 0 1 1 1 1 0 1 0 0
1 1 1 1 1 0 1 1 1 1 1 1 1 1 1
1 1 1 0 0 1 1 1 1 1 1 1 1 1 1
0 0 0 1 0 1 0 1 1 1 1 1 0 1 1
1 1 1 0 1 1 0 1 1 1 1 1 1 1 1
0 1 1 0 1 1 1 1 0 1 0 1 0 1 1
wk190908105004 wk superMan 0908 4 1050 1230 50 240 88.00 Chinese 1.00 2D 16 15
1 0 1 0 1 1 0 1 1 1 0 1 1 0 0
0 1 1 1 1 1 1 0 1 1 0 1 1 1 1
1 1 1 1 1 1 0 1 1 1 0 1 1 1 1
1 1 1 1 1 1 1 1 1 1 1 1 1 0 0
1 1 1 0 0 1 1 1 1 0 0 1 1 1 1
1 1 0 0 1 1 1 1 1 1 1 1 1 1 1
1 1 1 1 1 0 1 1 1 1 1 1 1 1 1
1 1 0 1 1 1 1 1 1 1 0 1 1 1 1
1 1 0 1 1 1 1 1 1 0 1 1 1 1 1
0 1 1 1 0 1 1 1 0 1 1 1 1 1 1
1 1 1 0 1 1 0 1 1 1 1 0 1 0 0
1 1 1 1 1 0 1 1 1 1 1 1 1 1 1
1 1 1 0 0 1 1 1 1 1 1 1 1 1 1
0 0 0 1 0 1 0 1 1 1 1 1 0 1 1
1 1 1 0 1 1 0 1 1 1 1 1 1 1 1
0 1 1 0 1 1 1 1 0 1 0 1 0 1 1
dd190908155001 dd pikachu 0908 1 1550 1820 100 552 77.00 Chinese 1.00 IMAX 23 24
1 1 0 1 0 1 1 1 1 0 0 1 1 1 0 1 1 1 1 0 1 0 1 1
1 0 1 1 0 1 1 1 1 1 1 1 1 0 1 1 1 1 0 1 0 1 1 1
1 1 1 1 0 1 1 1 1 1 1 1 1 1 1 1 0 0 1 1 1 1 1 1
1 0 1 1 1 1 1 1 1 1 1 1 1 0 0 1 1 1 1 1 1 1 1 1
1 0 1 1 1 1 0 1 1 1 1 1 1 1 1 1 1 1 1 1 1 0 1 1
0 1 0 1 1 1 1 0 1 1 1 1 1 0 1 1 1 1 1 1 1 1 0 0
1 1 1 0 0 1 1 1 1 1 0 0 1 1 1 1 1 1 1 0 1 1 0 0
1 1 1 1 0 1 1 1 0 1 1 1 0 1 1 0 1 0 1 1 1 1 1 1
0 1 0 1 1 0 1 1 1 1 1 0 1 1 1 0 1 1 1 1 1 1 1 1
1 0 1 1 1 1 1 1 1 1 0 1 1 1 1 1 1 1 1 1 1 0 1 1
1 1 0 1 1 0 1 1 1 1 0 1 1 0 1 1 1 1 0 0 1 1 1 1
1 0 1 0 1 1 0 1 0 1 1 0 1 1 1 1 1 1 1 1 1 0 1 1
1 1 1 1 0 1 1 1 1 1 0 1 0 1 1 1 1 1 1 1 1 1 0 0
1 1 1 1 1 1 1 1 1 1 1 0 1 0 0 1 0 1 1 1 0 1 1 1
0 1 1 1 1 1 1 0 1 1 1 1 1 1 1 1 1 0 1 1 1 1 0 0
1 1 1 1 1 1 1 0 1 1 1 0 1 0 0 1 1 1 1 0 1 1 1 1
1 1 1 1 1 1 1 1 1 1 1 1 1 1 1 1 1 1 1 1 1 1 1 1
0 1 1 1 0 1 1 1 1 1 0 1 1 0 1 1 1 1 1 1 1 1 1 1
0 1 1 0 1 0 1 1 1 1 1 1 1 1 1 0 1 1 1 0 0 1 1 1
0 1 1 0 1 1 0 1 1 1 1 1 1 1 1 1 0 0 1 1 1 1 1 1
1 1 1 1 1 1 1 1 1 1 1 1 0 1 1 1 1 1 1 1 1 1 1 1
1 1 1 1 1 1 0 0 1 1 1 1 1 1 0 1 1 1 1 1 0 1 0 0
1 1 0 1 1 1 1 1 1 1 1 1 0 1 1 0 0 1 1 1 1 1 1 1
dd190908135003 dd pokemon 0908 3 1350 1600 97 306 54.00 Chinese 1.00 2D 17 18
1 1 1 1 1 1 0 0 1 1 1 1 0 0 1 1 1 1
1 0 0 1 0 1 1 0 0 1 1 1 1 1 0 1 1 1
0 1 1 1 1 0 1 1 1 0 1 1 0 1 1 1 0 0
1 1 1 1 1 0 0 0 0 1 0 0 1 0 1 0 1 1
1 0 1 0 1 0 0 1 1 1 1 1 1 1 1 1 1 1
0 1 1 1 1 0 1 1 1 1 0 1 1 1 1 0 1 1
1 1 1 1 1 1 0 1 1 0 1 0 1 1 1 0 0 0
0 0 1 1 1 1 0 1 1 1 1 1 1 1 0 1 0 0
0 1 1 1 1 1 1 0 1 1 1 1 0 1 1 0 1 1
1 1 1 1 1 1 1 1 1 1 0 1 1 1 1 1 1 1
1 1 1 0 1 0 1 1 1 0 0 1 1 1 1 1 0 0
1 0 1 1 1 1 1 1 0 0 1 1 0 1 1 0 1 1
0 0 1 1 0 1 1 0 1 1 1 0 0 1 0 0 1 1
1 1 0 0 0 0 1 1 1 1 1 1 1 0 1 1 0 0
1 0 1 1 1 1 1 1 0 1 0 1 0 1 0 1 1 1
1 1 0 0 1 1 1 1 0 1 0 1 1 1 1 0 0 0
1 1 1 0 0 0 1 1 1 1 0 0 0 1 1 1 1 1
dd190908165002 dd TheAvengers 0908 2 1650 1950 50 240 66.00 Chinese 1.00 3D 16 15
1 0 1 0 1 1 0 1 1 1 0 1 1 0 0
0 1 1 1 1 1 1 0 1 1 0 1 1 1 1
1 1 1 1 1 1 0 1 1 1 0 1 1 1 1
1 1 1 1 1 1 1 1 1 1 1 1 1 0 0
1 1 1 0 0 1 1 1 1 0 0 1 1 1 1
1 1 0 0 1 1 1 1 1 1 1 1 1 1 1
1 1 1 1 1 0 1 1 1 1 1 1 1 1 1
1 1 0 1 1 1 1 1 1 1 0 1 1 1 1
1 1 0 1 1 1 1 1 1 0 1 1 1 1 1
0 1 1 1 0 1 1 1 0 1 1 1 1 1 1
1 1 1 0 1 1 0 1 1 1 1 0 1 0 0
1 1 1 1 1 0 1 1 1 1 1 1 1 1 1
1 1 1 0 0 1 1 1 1 1 1 1 1 1 1
0 0 0 1 0 1 0 1 1 1 1 1 0 1 1
1 1 1 0 1 1 0 1 1 1 1 1 1 1 1
0 1 1 0 1 1 1 1 0 1 0 1 0 1 1
dd190908105001 dd SchindlerList 0908 1 1050 1405 100 552 66.00 English 1.00 IMAX 23 24
1 1 0 1 0 1 1 1 1 0 0 1 1 1 0 1 1 1 1 0 1 0 1 1
1 0 1 1 0 1 1 1 1 1 1 1 1 0 1 1 1 1 0 1 0 1 1 1
1 1 1 1 0 1 1 1 1 1 1 1 1 1 1 1 0 0 1 1 1 1 1 1
1 0 1 1 1 1 1 1 1 1 1 1 1 0 0 1 1 1 1 1 1 1 1 1
1 0 1 1 1 1 0 1 1 1 1 1 1 1 1 1 1 1 1 1 1 0 1 1
0 1 0 1 1 1 1 0 1 1 1 1 1 0 1 1 1 1 1 1 1 1 0 0
1 1 1 0 0 1 1 1 1 1 0 0 1 1 1 1 1 1 1 0 1 1 0 0
1 1 1 1 0 1 1 1 0 1 1 1 0 1 1 0 1 0 1 1 1 1 1 1
0 1 0 1 1 0 1 1 1 1 1 0 1 1 1 0 1 1 1 1 1 1 1 1
1 0 1 1 1 1 1 1 1 1 0 1 1 1 1 1 1 1 1 1 1 0 1 1
1 1 0 1 1 0 1 1 1 1 0 1 1 0 1 1 1 1 0 0 1 1 1 1
1 0 1 0 1 1 0 1 0 1 1 0 1 1 1 1 1 1 1 1 1 0 1 1
1 1 1 1 0 1 1 1 1 1 0 1 0 1 1 1 1 1 1 1 1 1 0 0
1 1 1 1 1 1 1 1 1 1 1 0 1 0 0 1 0 1 1 1 0 1 1 1
0 1 1 1 1 1 1 0 1 1 1 1 1 1 1 1 1 0 1 1 1 1 0 0
1 1 1 1 1 1 1 0 1 1 1 0 1 0 0 1 1 1 1 0 1 1 1 1
1 1 1 1 1 1 1 1 1 1 1 1 1 1 1 1 1 1 1 1 1 1 1 1
0 1 1 1 0 1 1 1 1 1 0 1 1 0 1 1 1 1 1 1 1 1 1 1
0 1 1 0 1 0 1 1 1 1 1 1 1 1 1 0 1 1 1 0 0 1 1 1
0 1 1 0 1 1 0 1 1 1 1 1 1 1 1 1 0 0 1 1 1 1 1 1
1 1 1 1 1 1 1 1 1 1 1 1 0 1 1 1 1 1 1 1 1 1 1 1
1 1 1 1 1 1 0 0 1 1 1 1 1 1 0 1 1 1 1 1 0 1 0 0
1 1 0 1 1 1 1 1 1 1 1 1 0 1 1 0 0 1 1 1 1 1 1 1
dd190908111002 dd Dunkirk 0908 2 1110 1310 50 240 88.00 English 0.90 3D 16 15
1 0 1 0 1 1 0 1 1 1 0 1 1 0 0
0 1 1 1 1 1 1 0 1 1 0 1 1 1 1
1 1 1 1 1 1 0 1 1 1 0 1 1 1 1
1 1 1 1 1 1 1 1 1 1 1 1 1 0 0
1 1 1 0 0 1 1 1 1 0 0 1 1 1 1
1 1 0 0 1 1 1 1 1 1 1 1 1 1 1
1 1 1 1 1 0 1 1 1 1 1 1 1 1 1
1 1 0 1 1 1 1 1 1 1 0 1 1 1 1
1 1 0 1 1 1 1 1 1 0 1 1 1 1 1
0 1 1 1 0 1 1 1 0 1 1 1 1 1 1
1 1 1 0 1 1 0 1 1 1 1 0 1 0 0
1 1 1 1 1 0 1 1 1 1 1 1 1 1 1
1 1 1 0 0 1 1 1 1 1 1 1 1 1 1
0 0 0 1 0 1 0 1 1 1 1 1 0 1 1
1 1 1 0 1 1 0 1 1 1 1 1 1 1 1
0 1 1 0 1 1 1 1 0 1 0 1 0 1 1
dd190908101003 dd SavingHim 0908 3 1010 1259 98 306 88.00 English 0.40 2D 17 18
1 1 1 1 1 1 0 0 1 1 1 1 0 0 1 1 1 1
1 0 0 1 0 1 1 0 0 1 1 1 1 1 0 1 1 1
0 1 1 1 1 0 1 1 1 0 1 1 0 1 1 1 0 0
1 1 1 1 1 0 0 0 0 1 0 0 1 0 1 0 1 1
1 0 1 0 1 0 0 1 0 0 0 1 1 1 1 1 1 1
0 1 1 1 1 0 1 1 1 1 0 1 1 1 1 0 1 1
1 1 1 1 1 1 0 1 1 0 1 0 1 1 1 0 0 0
0 0 1 1 1 1 0 1 1 1 1 1 1 1 0 1 0 0
0 1 1 1 1 1 1 0 1 1 1 1 0 1 1 0 1 1
1 1 1 1 1 1 1 1 1 1 0 1 1 1 1 1 1 1
1 1 1 0 1 0 1 1 1 1 1 1 1 1 1 1 0 0
1 0 1 1 1 1 1 1 0 0 1 1 0 1 1 0 1 1
0 0 1 1 0 1 1 0 1 1 1 0 0 1 0 0 1 1
1 1 0 0 0 0 1 1 1 1 1 1 1 0 1 1 0 0
1 0 1 1 1 1 1 1 0 1 0 1 0 1 0 1 1 1
1 1 0 0 1 1 1 1 0 1 0 1 1 1 1 0 0 0
1 1 1 0 0 0 1 1 1 1 0 0 0 1 1 1 1 1
wk190909091001 wk spiderman 0909 1 910 1110 21 810 99.00 Chinese 0.90 IMAX 27 30
1 1 1 1 1 1 1 1 1 1 1 1 1 1 1 0 1 1 1 1 1 1 1 1 1 1 1 1 1 1
1 1 1 1 1 1 1 1 1 1 1 1 1 1 1 1 1 1 1 1 1 1 1 1 1 1 1 1 1 1
1 1 1 1 1 1 1 1 1 1 1 1 1 1 1 1 1 1 1 1 1 1 1 1 1 1 1 0 1 1
1 1 1 1 1 1 1 1 0 1 1 1 1 1 1 1 1 1 1 1 1 1 1 1 1 1 1 1 1 1
1 1 1 1 0 1 1 1 1 1 1 1 1 1 1 1 1 1 1 1 1 1 1 1 1 1 1 1 1 1
1 1 1 1 1 1 1 1 0 0 1 1 1 1 1 1 1 1 1 1 1 1 1 1 1 1 1 1 1 1
1 1 1 1 1 1 1 1 1 1 1 1 1 1 1 1 1 1 1 1 0 1 1 1 1 1 1 1 1 1
1 1 1 1 1 1 1 1 1 1 1 1 1 1 1 1 1 1 1 1 1 1 1 1 1 1 1 1 1 1
1 1 1 1 1 1 1 1 0 1 1 1 1 0 1 1 1 1 1 1 1 1 1 1 1 1 1 1 1 1
1 1 1 1 1 1 1 1 1 1 1 1 1 1 1 1 1 1 1 1 0 1 1 1 1 1 1 1 1 1
1 1 1 1 1 1 1 1 1 1 0 1 1 1 1 1 1 1 1 1 1 1 1 1 1 1 1 1 1 1
0 1 1 1 1 1 1 1 1 1 1 1 1 1 1 0 1 1 1 1 1 1 1 1 1 1 1 1 1 1
1 1 1 1 1 1 1 1 1 1 1 1 1 1 1 1 1 1 1 1 1 1 1 1 1 1 1 1 1 1
1 1 1 1 1 1 1 1 1 1 1 1 1 1 1 1 1 1 1 1 1 1 1 1 1 1 1 1 1 1
1 1 1 1 1 1 1 1 1 1 1 1 1 1 1 1 1 1 1 1 1 1 1 1 1 1 1 1 1 1
1 1 1 1 1 1 1 1 1 1 1 1 1 1 1 1 1 1 1 1 1 1 1 1 1 1 1 1 1 1
1 1 1 1 1 1 1 1 1 1 1 1 1 1 1 1 1 1 1 1 1 1 1 1 1 1 1 1 1 1
1 1 1 1 1 1 1 1 1 1 1 1 1 1 1 1 1 0 1 1 1 1 1 1 1 1 1 1 1 1
1 1 1 1 1 1 1 1 1 1 1 1 1 1 1 1 1 1 1 1 1 1 1 1 1 1 1 1 1 1
1 1 1 1 1 1 1 1 0 1 1 0 1 1 1 1 1 1 1 1 1 1 1 1 1 1 1 1 1 1
1 1 1 1 1 1 1 1 1 1 1 1 1 1 1 1 1 1 1 1 1 1 1 1 1 1 1 1 1 1
1 1 1 1 1 1 1 1 1 1 1 1 1 1 1 1 1 1 1 1 1 1 1 1 1 1 1 1 1 1
1 1 1 1 1 1 1 1 1 1 1 1 1 1 0 1 1 1 1 1 1 1 1 1 1 1 1 1 1 1
1 1 1 1 1 1 1 1 1 1 1 1 1 1 1 1 1 1 1 1 1 1 1 1 1 0 1 1 1 1
1 1 1 1 1 1 0 1 1 1 1 1 1 1 1 1 1 1 1 1 0 1 1 1 1 1 1 1 1 1
1 1 1 1 1 1 1 1 0 1 1 1 1 1 1 1 1 1 1 1 1 1 1 1 1 1 1 1 1 1
1 1 1 1 1 1 1 1 1 1 1 1 1 1 1 1 1 1 1 1 1 1 1 1 1 1 1 1 1 1
wk190909141001 wk spiderman 0909 1 1410 1610 24 810 99.00 Chinese 0.90 IMAX 27 30
1 1 1 1 1 1 1 1 1 1 1 1 1 1 1 1 1 1 1 1 1 1 1 1 1 1 1 1 1 1
1 1 1 1 1 1 1 1 1 1 1 1 1 1 1 1 1 1 1 1 1 1 1 1 1 1 1 1 1 1
1 1 1 1 1 1 1 1 1 1 1 1 1 1 1 1 1 1 1 1 1 1 1 1 1 1 1 1 1 1
1 1 1 1 1 1 1 1 1 1 1 1 1 1 1 1 1 1 1 1 1 1 0 1 1 1 1 1 1 1
1 1 1 1 1 1 1 1 1 1 1 1 1 0 1 1 1 1 1 1 1 1 1 1 1 1 1 1 1 1
1 1 1 1 1 1 1 1 1 1 1 1 1 1 1 1 1 1 1 1 1 1 1 1 1 1 1 0 1 1
1 1 1 1 1 1 1 1 1 1 1 1 1 1 1 1 1 1 1 1 1 1 1 1 1 1 1 1 1 1
1 1 1 0 1 1 1 1 1 1 1 1 1 1 1 1 1 1 1 1 1 1 1 1 1 1 1 1 1 1
1 1 1 1 1 1 1 1 1 1 1 1 1 1 1 1 1 1 1 1 1 1 1 1 1 1 1 1 1 1
1 1 1 1 1 1 1 1 1 1 1 1 1 1 1 1 1 1 1 1 1 1 1 1 1 1 0 1 1 1
1 1 1 1 1 1 1 1 1 1 1 1 0 1 1 1 1 1 0 1 1 1 1 1 1 1 1 1 1 1
1 1 1 1 1 1 1 1 1 1 1 1 1 1 1 1 1 1 1 1 1 1 1 1 1 1 1 1 1 1
1 1 1 1 1 1 1 1 1 1 1 1 1 1 1 1 1 1 1 1 1 1 1 1 1 1 1 1 1 1
1 1 1 1 1 1 1 1 1 1 1 1 1 1 0 1 1 1 1 1 1 1 1 1 1 1 1 0 1 1
1 1 1 1 1 1 1 1 1 1 1 1 1 1 1 1 1 1 1 1 1 1 1 1 1 1 1 1 1 1
1 1 1 1 1 1 0 1 1 1 1 1 1 1 1 1 1 1 1 1 1 1 1 1 1 1 1 1 1 1
1 1 1 1 1 1 1 1 1 1 1 1 1 1 1 1 1 1 1 0 1 1 1 1 1 1 1 1 1 1
1 0 1 1 1 1 1 1 1 1 1 1 1 1 1 0 1 1 1 1 1 1 1 1 1 1 1 1 1 1
1 1 1 1 1 1 1 1 1 1 1 1 1 1 1 1 1 1 1 1 1 1 1 1 1 1 1 1 1 1
0 0 1 1 1 1 1 1 1 1 1 1 1 1 1 1 1 1 1 1 1 1 1 1 1 1 1 1 1 1
1 1 1 1 1 1 1 1 1 1 1 1 1 1 1 1 1 1 1 1 1 1 1 1 1 1 1 1 1 1
1 1 1 1 1 1 1 1 1 1 1 1 1 1 1 1 1 1 1 1 1 1 1 1 1 1 1 1 1 1
1 1 1 1 1 1 1 1 1 1 1 0 1 0 1 1 1 1 1 1 1 1 1 1 1 1 0 1 1 1
1 1 1 1 1 1 1 1 1 1 1 1 1 1 1 1 1 1 1 1 1 1 1 1 1 1 1 1 1 1
1 0 1 0 1 1 1 1 1 1 1 1 1 1 1 1 1 1 1 1 1 1 1 1 1 1 1 1 1 1
0 1 1 1 1 1 1 1 1 1 1 0 1 1 1 1 1 1 1 1 1 1 1 1 0 1 1 1 1 1
1 1 1 1 1 1 1 1 1 1 1 1 1 1 1 1 1 1 1 1 1 0 1 1 1 1 1 1 1 1
wk190909171001 wk spiderman 0909 1 1710 1910 27 810 99.00 Chinese 0.90 IMAX 27 30
1 1 1 0 1 1 1 1 1 1 1 1 1 1 1 1 1 1 1 1 1 1 1 1 1 1 1 1 1 1
0 1 1 1 1 1 1 1 1 1 1 0 1 1 1 1 1 1 1 1 1 1 1 1 0 1 1 1 1 1
1 1 1 1 0 1 0 1 1 1 0 1 1 1 1 1 1 1 1 1 1 1 0 1 1 1 1 1 1 1
1 1 1 1 1 1 1 1 1 1 1 1 1 1 1 1 1 1 1 1 1 1 1 1 1 1 1 1 1 1
1 1 1 1 1 1 1 1 1 1 1 1 1 1 1 1 1 1 1 1 1 1 1 1 1 1 1 1 1 1
1 1 1 1 1 1 1 1 1 1 1 1 1 1 1 1 1 1 1 1 1 1 1 1 1 1 1 1 1 1
1 1 1 1 1 1 1 1 1 1 1 1 1 1 1 1 1 1 1 1 1 1 1 1 1 1 1 1 1 1
1 1 1 1 1 1 0 1 1 0 1 1 1 1 1 1 1 1 1 1 0 1 1 0 1 1 1 1 1 1
1 1 1 1 1 1 1 1 1 1 1 1 1 1 1 1 1 1 1 1 1 1 1 1 1 1 1 1 1 1
1 1 1 1 1 1 1 1 1 1 1 1 1 1 1 1 1 1 1 1 1 1 1 1 1 1 1 1 1 1
1 1 1 1 0 1 1 1 0 1 1 1 1 1 1 1 1 1 1 1 1 1 1 1 1 1 1 1 1 1
1 1 1 1 1 1 1 1 1 1 1 1 0 1 1 1 1 1 1 1 1 1 1 0 1 1 1 1 1 1
1 1 1 1 1 1 1 1 1 1 1 1 1 1 1 1 1 1 1 1 1 1 1 1 0 1 1 1 1 1
1 1 1 1 1 1 1 1 1 1 1 1 1 1 0 1 1 1 1 1 1 1 1 1 1 1 1 1 1 1
1 1 1 1 1 1 1 1 1 1 1 1 1 1 1 1 1 1 1 1 1 1 1 1 1 1 1 1 1 1
1 1 1 1 1 1 1 1 1 1 1 1 1 1 1 1 1 1 1 1 0 1 1 1 1 1 1 1 1 1
1 1 1 1 1 1 1 0 1 1 1 1 1 1 1 1 1 1 1 1 1 1 1 1 1 1 1 1 1 1
1 1 1 1 1 1 1 1 1 1 1 1 1 1 1 1 1 1 1 1 1 1 1 1 1 1 1 1 0 0
1 1 0 1 1 1 1 1 1 1 1 1 1 1 1 1 1 1 1 1 1 1 1 1 1 1 1 1 1 1
1 1 1 1 1 1 1 1 1 1 1 1 1 1 1 1 1 1 1 1 1 1 1 1 1 1 1 1 1 1
1 1 1 1 1 1 1 1 1 1 1 1 1 1 1 1 0 1 1 1 1 1 1 1 1 1 1 1 1 1
0 1 1 1 1 1 1 1 1 1 1 1 1 1 1 1 1 1 1 1 1 1 1 1 1 1 1 1 1 1
1 1 1 1 1 1 1 1 1 1 0 1 1 1 1 1 1 1 1 1 1 1 1 1 1 1 1 1 1 1
1 1 1 1 1 1 1 1 1 1 1 1 1 1 1 1 1 1 1 1 1 1 1 1 1 1 1 1 1 1
1 1 1 1 1 1 1 1 1 1 1 1 1 1 1 1 1 1 1 1 1 1 1 1 1 1 1 1 1 1
1 1 1 1 1 1 1 1 1 1 0 1 1 1 1 1 1 1 1 1 1 1 1 1 1 0 1 1 1 1
1 1 1 1 1 1 1 1 1 1 1 1 1 1 1 1 1 1 1 1 1 1 1 1 1 1 1 1 1 1
wk190909093002 wk GGbond 0909 2 930 1130 21 240 78.00 Chinese 1.00 3D 16 15
1 1 1 0 1 1 0 1 1 1 1 1 1 1 1
1 1 1 1 1 1 1 1 0 1 1 1 1 1 1
1 1 1 1 1 1 1 1 1 1 1 1 1 1 1
0 1 1 1 1 1 1 1 1 1 1 1 1 1 1
1 1 0 0 1 1 1 0 1 1 1 1 1 1 1
1 1 1 1 1 1 0 1 1 1 1 1 1 1 1
1 1 1 1 1 1 1 1 1 1 1 1 1 1 1
1 1 1 0 1 1 1 1 1 1 1 1 1 1 1
1 0 0 1 1 1 1 1 1 1 1 1 1 1 1
1 1 1 1 1 1 1 1 1 1 1 1 1 1 1
1 1 1 1 1 1 1 1 1 1 1 1 1 1 1
1 1 1 1 1 1 0 1 1 1 0 1 1 1 1
1 0 1 1 1 1 1 1 0 1 0 1 1 1 1
1 1 0 1 1 1 1 1 0 1 1 1 1 1 1
1 1 1 1 1 1 1 1 1 0 1 1 1 1 1
1 1 0 1 1 1 1 0 1 1 1 1 1 1 1
wk190909143002 wk GGbond 0909 2 1430 1630 23 240 78.00 Chinese 1.00 3D 16 15
1 1 1 0 1 1 0 1 1 1 1 1 1 1 1
1 1 1 1 1 1 1 1 0 1 1 1 1 1 1
1 1 1 1 1 1 1 1 1 1 1 1 1 1 1
0 1 1 1 1 1 1 1 1 1 1 1 1 1 1
1 1 0 0 0 0 1 1 1 1 1 1 1 1 1
1 1 1 1 1 1 1 1 1 1 1 1 1 1 1
1 1 1 1 1 1 1 1 1 1 0 1 1 1 1
1 1 1 0 1 1 1 1 1 1 1 1 1 1 1
1 0 0 1 1 1 0 1 1 1 1 1 1 1 1
1 1 1 1 1 1 1 1 1 1 1 1 1 1 1
1 1 1 1 1 1 1 1 1 1 1 1 1 1 1
1 1 1 1 1 1 0 1 1 1 0 1 1 1 1
1 0 1 1 1 1 1 1 0 1 0 1 1 1 1
1 1 0 1 1 1 1 1 0 1 1 1 1 1 1
1 1 1 1 1 1 1 1 1 0 1 1 1 1 1
1 1 0 1 1 1 1 0 1 1 1 1 1 1 1
wk190909173002 wk GGbond 0909 2 1730 1930 21 240 78.00 Chinese 1.00 3D 16 15
1 1 1 0 1 1 0 1 1 1 1 1 1 1 1
1 1 1 1 1 1 1 1 0 1 1 1 1 1 1
1 1 1 1 1 1 1 1 1 1 1 1 1 1 1
0 1 1 1 1 1 1 1 1 1 1 1 1 1 1
1 1 0 0 1 1 1 0 1 1 1 1 1 1 1
1 1 1 1 1 1 0 1 1 1 1 1 1 1 1
1 1 1 1 1 1 1 1 1 1 1 1 1 1 1
1 1 1 0 1 1 1 1 1 1 1 1 1 1 1
1 0 1 1 1 1 1 1 1 0 1 1 1 1 1
1 1 1 1 1 1 1 1 1 1 1 1 1 1 1
1 1 1 1 1 1 1 1 1 1 1 1 1 1 1
1 1 1 1 1 1 0 1 1 1 0 1 1 1 1
1 0 1 1 1 1 1 1 0 1 0 1 1 1 1
1 1 0 1 1 1 1 1 0 1 1 1 1 1 1
1 1 1 1 1 1 1 1 1 0 1 1 1 1 1
1 1 0 1 1 1 1 0 1 1 1 1 1 1 1
wk190909095003 wk blackman 0909 3 950 1150 21 306 89.00 Chinese 1.00 2D 17 18
1 1 1 1 1 0 1 1 1 1 1 1 1 0 1 1 1 1
1 1 1 0 1 0 1 1 1 1 1 1 1 1 1 1 1 1
1 1 1 1 1 1 1 1 1 1 1 1 1 1 1 1 1 1
0 1 1 1 1 1 1 1 1 1 1 1 0 1 1 1 1 1
1 1 1 1 1 0 1 1 1 1 1 0 1 1 1 1 1 1
1 1 1 1 1 1 1 1 1 1 1 1 1 1 1 1 1 1
1 1 1 1 1 0 1 1 1 1 1 1 1 1 1 1 0 0
1 1 1 1 1 1 1 1 1 1 1 1 1 1 0 1 1 1
1 1 1 1 1 1 1 1 1 1 1 1 1 1 1 1 1 1
1 1 1 1 1 1 1 1 1 1 1 1 1 1 1 1 1 1
1 1 1 1 1 1 1 1 0 1 1 1 1 1 1 0 1 1
0 1 1 1 1 1 1 1 1 1 1 1 1 1 1 1 1 1
1 1 1 1 1 1 1 1 1 1 1 1 1 1 1 1 1 1
0 1 1 0 1 1 1 1 1 1 1 0 1 1 1 1 0 0
1 1 0 1 1 1 0 1 1 1 1 1 1 1 1 1 1 1
1 1 1 1 1 1 1 1 1 1 1 1 1 1 1 1 1 1
1 1 1 1 1 1 1 1 1 1 1 1 1 1 1 1 0 0
wk190909145003 wk blackman 0909 3 1450 1650 21 306 89.00 Chinese 1.00 2D 17 18
1 1 1 1 1 0 1 1 1 1 1 1 1 0 1 1 1 1
1 1 1 0 1 0 1 1 1 1 1 1 1 1 1 1 1 1
1 1 1 1 1 1 1 1 1 1 1 1 1 1 1 1 1 1
0 1 1 1 1 1 1 1 1 1 1 1 0 1 1 1 1 1
1 1 1 1 1 0 1 1 1 1 1 0 1 1 1 1 1 1
1 1 1 1 1 1 1 1 1 1 1 1 1 1 1 1 1 1
1 1 1 1 1 0 1 1 1 1 1 1 1 1 1 1 0 0
1 1 1 1 1 1 1 1 1 1 1 1 1 1 0 1 1 1
1 1 1 1 1 1 1 1 1 1 1 1 1 1 1 1 1 1
1 1 1 1 1 1 1 1 1 1 1 1 1 1 1 1 1 1
1 1 1 1 1 1 1 1 0 1 1 1 1 1 1 0 1 1
0 1 1 1 1 1 1 1 1 1 1 1 1 1 1 1 1 1
1 1 1 1 1 1 1 1 1 1 1 1 1 1 1 1 1 1
0 1 1 0 1 1 1 1 1 1 1 0 1 1 1 1 0 0
1 1 0 1 1 1 0 1 1 1 1 1 1 1 1 1 1 1
1 1 1 1 1 1 1 1 1 1 1 1 1 1 1 1 1 1
1 1 1 1 1 1 1 1 1 1 1 1 1 1 1 1 0 0
wk190909175003 wk blackman 0909 3 1750 1950 21 306 89.00 Chinese 1.00 2D 17 18
1 1 1 1 1 0 1 1 1 1 1 1 1 0 1 1 1 1
1 1 1 0 1 0 1 1 1 1 1 1 1 1 1 1 1 1
1 1 1 1 1 1 1 1 1 1 1 1 1 1 1 1 1 1
0 1 1 1 1 1 1 1 1 1 1 1 0 1 1 1 1 1
1 1 1 1 1 0 1 1 1 1 1 0 1 1 1 1 1 1
1 1 1 1 1 1 1 1 1 1 1 1 1 1 1 1 1 1
1 1 1 1 1 0 1 1 1 1 1 1 1 1 1 1 0 0
1 1 1 1 1 1 1 1 1 1 1 1 1 1 0 1 1 1
1 1 1 1 1 1 1 1 1 1 1 1 1 1 1 1 1 1
1 1 1 1 1 1 1 1 1 1 1 1 1 1 1 1 1 1
1 1 1 1 1 1 1 1 0 1 1 1 1 1 1 0 1 1
0 1 1 1 1 1 1 1 1 1 1 1 1 1 1 1 1 1
1 1 1 1 1 1 1 1 1 1 1 1 1 1 1 1 1 1
0 1 1 0 1 1 1 1 1 1 1 0 1 1 1 1 0 0
1 1 0 1 1 1 0 1 1 1 1 1 1 1 1 1 1 1
1 1 1 1 1 1 1 1 1 1 1 1 1 1 1 1 1 1
1 1 1 1 1 1 1 1 1 1 1 1 1 1 1 1 0 0
zy190909170403 zy TheAvengers 0909 3 1704 2004 100 306 88.00 Chinese 0.80 2D 17 18
1 1 1 1 1 1 0 0 1 1 1 1 0 0 1 1 1 1
1 0 0 1 0 1 1 0 0 1 1 1 1 1 0 1 1 1
0 1 1 1 1 0 1 1 1 0 1 1 0 1 1 1 0 0
1 1 1 1 1 0 0 0 0 1 0 0 1 0 1 0 1 1
1 0 1 0 1 0 0 1 0 0 0 1 1 1 1 1 1 1
0 1 1 1 1 0 1 1 1 1 0 1 1 1 1 0 1 1
1 1 1 1 1 1 0 1 1 0 1 0 1 1 1 0 0 0
0 0 1 1 1 1 0 1 1 1 1 1 1 1 0 1 0 0
0 1 1 1 1 1 1 0 1 1 1 1 0 1 1 0 1 1
1 1 1 1 1 1 1 1 1 1 0 1 1 1 1 1 1 1
1 1 1 0 1 0 1 1 1 0 0 1 1 1 1 1 0 0
1 0 1 1 1 1 1 1 0 0 1 1 0 1 1 0 1 1
0 0 1 1 0 1 1 0 1 1 1 0 0 1 0 0 1 1
1 1 0 0 0 0 1 1 1 1 1 1 1 0 1 1 0 0
1 0 1 1 1 1 1 1 0 1 0 1 0 1 0 1 1 1
1 1 0 0 1 1 1 1 0 1 0 1 1 1 1 0 0 0
1 1 1 0 0 0 1 1 1 1 0 0 0 1 1 1 1 1
wk190909133004 wk NowYouSeeMe 0909 4 1330 1510 50 240 66.00 Chinese 0.60 2D 16 15
1 0 1 0 1 1 0 1 1 1 0 1 1 0 0
0 1 1 1 1 1 1 0 1 1 0 1 1 1 1
1 1 1 1 1 1 0 1 1 1 0 1 1 1 1
1 1 1 1 1 1 1 1 1 1 1 1 1 0 0
1 1 1 0 0 1 1 1 1 0 0 1 1 1 1
1 1 0 0 1 1 1 1 1 1 1 1 1 1 1
1 1 1 1 1 0 1 1 1 1 1 1 1 1 1
1 1 0 1 1 1 1 1 1 1 0 1 1 1 1
1 1 0 1 1 1 1 1 1 0 1 1 1 1 1
0 1 1 1 0 1 1 1 0 1 1 1 1 1 1
1 1 1 0 1 1 0 1 1 1 1 0 1 0 0
1 1 1 1 1 0 1 1 1 1 1 1 1 1 1
1 1 1 0 0 1 1 1 1 1 1 1 1 1 1
0 0 0 1 0 1 0 1 1 1 1 1 0 1 1
1 1 1 0 1 1 0 1 1 1 1 1 1 1 1
0 1 1 0 1 1 1 1 0 1 0 1 0 1 1
wk190909183004 wk Fast&Furious 0909 4 1830 2010 50 240 66.00 Chinese 0.60 2D 16 15
1 0 1 0 1 1 0 1 1 1 0 1 1 0 0
0 1 1 1 1 1 1 0 1 1 0 1 1 1 1
1 1 1 1 1 1 0 1 1 1 0 1 1 1 1
1 1 1 1 1 1 1 1 1 1 1 1 1 0 0
1 1 1 0 0 1 1 1 1 0 0 1 1 1 1
1 1 0 0 1 1 1 1 1 1 1 1 1 1 1
1 1 1 1 1 0 1 1 1 1 1 1 1 1 1
1 1 0 1 1 1 1 1 1 1 0 1 1 1 1
1 1 0 1 1 1 1 1 1 0 1 1 1 1 1
0 1 1 1 0 1 1 1 0 1 1 1 1 1 1
1 1 1 0 1 1 0 1 1 1 1 0 1 0 0
1 1 1 1 1 0 1 1 1 1 1 1 1 1 1
1 1 1 0 0 1 1 1 1 1 1 1 1 1 1
0 0 0 1 0 1 0 1 1 1 1 1 0 1 1
1 1 1 0 1 1 0 1 1 1 1 1 1 1 1
0 1 1 0 1 1 1 1 0 1 0 1 0 1 1
wk190909105004 wk superMan 0909 4 1050 1230 50 240 88.00 Chinese 1.00 2D 16 15
1 0 1 0 1 1 0 1 1 1 0 1 1 0 0
0 1 1 1 1 1 1 0 1 1 0 1 1 1 1
1 1 1 1 1 1 0 1 1 1 0 1 1 1 1
1 1 1 1 1 1 1 1 1 1 1 1 1 0 0
1 1 1 0 0 1 1 1 1 0 0 1 1 1 1
1 1 0 0 1 1 1 1 1 1 1 1 1 1 1
1 1 1 1 1 0 1 1 1 1 1 1 1 1 1
1 1 0 1 1 1 1 1 1 1 0 1 1 1 1
1 1 0 1 1 1 1 1 1 0 1 1 1 1 1
0 1 1 1 0 1 1 1 0 1 1 1 1 1 1
1 1 1 0 1 1 0 1 1 1 1 0 1 0 0
1 1 1 1 1 0 1 1 1 1 1 1 1 1 1
1 1 1 0 0 1 1 1 1 1 1 1 1 1 1
0 0 0 1 0 1 0 1 1 1 1 1 0 1 1
1 1 1 0 1 1 0 1 1 1 1 1 1 1 1
0 1 1 0 1 1 1 1 0 1 0 1 0 1 1
dd190909155001 dd pikachu 0909 1 1550 1820 100 552 77.00 Chinese 1.00 IMAX 23 24
1 1 0 1 0 1 1 1 1 0 0 1 1 1 0 1 1 1 1 0 1 0 1 1
1 0 1 1 0 1 1 1 1 1 1 1 1 0 1 1 1 1 0 1 0 1 1 1
1 1 1 1 0 1 1 1 1 1 1 1 1 1 1 1 0 0 1 1 1 1 1 1
1 0 1 1 1 1 1 1 1 1 1 1 1 0 0 1 1 1 1 1 1 1 1 1
1 0 1 1 1 1 0 1 1 1 1 1 1 1 1 1 1 1 1 1 1 0 1 1
0 1 0 1 1 1 1 0 1 1 1 1 1 0 1 1 1 1 1 1 1 1 0 0
1 1 1 0 0 1 1 1 1 1 0 0 1 1 1 1 1 1 1 0 1 1 0 0
1 1 1 1 0 1 1 1 0 1 1 1 0 1 1 0 1 0 1 1 1 1 1 1
0 1 0 1 1 0 1 1 1 1 1 0 1 1 1 0 1 1 1 1 1 1 1 1
1 0 1 1 1 1 1 1 1 1 0 1 1 1 1 1 1 1 1 1 1 0 1 1
1 1 0 1 1 0 1 1 1 1 0 1 1 0 1 1 1 1 0 0 1 1 1 1
1 0 1 0 1 1 0 1 0 1 1 0 1 1 1 1 1 1 1 1 1 0 1 1
1 1 1 1 0 1 1 1 1 1 0 1 0 1 1 1 1 1 1 1 1 1 0 0
1 1 1 1 1 1 1 1 1 1 1 0 1 0 0 1 0 1 1 1 0 1 1 1
0 1 1 1 1 1 1 0 1 1 1 1 1 1 1 1 1 0 1 1 1 1 0 0
1 1 1 1 1 1 1 0 1 1 1 0 1 0 0 1 1 1 1 0 1 1 1 1
1 1 1 1 1 1 1 1 1 1 1 1 1 1 1 1 1 1 1 1 1 1 1 1
0 1 1 1 0 1 1 1 1 1 0 1 1 0 1 1 1 1 1 1 1 1 1 1
0 1 1 0 1 0 1 1 1 1 1 1 1 1 1 0 1 1 1 0 0 1 1 1
0 1 1 0 1 1 0 1 1 1 1 1 1 1 1 1 0 0 1 1 1 1 1 1
1 1 1 1 1 1 1 1 1 1 1 1 0 1 1 1 1 1 1 1 1 1 1 1
1 1 1 1 1 1 0 0 1 1 1 1 1 1 0 1 1 1 1 1 0 1 0 0
1 1 0 1 1 1 1 1 1 1 1 1 0 1 1 0 0 1 1 1 1 1 1 1
dd190909135003 dd pokemon 0909 3 1350 1600 100 306 54.00 Chinese 1.00 2D 17 18
1 1 1 1 1 1 0 0 1 1 1 1 0 0 1 1 1 1
1 0 0 1 0 1 1 0 0 1 1 1 1 1 0 1 1 1
0 1 1 1 1 0 1 1 1 0 1 1 0 1 1 1 0 0
1 1 1 1 1 0 0 0 0 1 0 0 1 0 1 0 1 1
1 0 1 0 1 0 0 1 0 0 0 1 1 1 1 1 1 1
0 1 1 1 1 0 1 1 1 1 0 1 1 1 1 0 1 1
1 1 1 1 1 1 0 1 1 0 1 0 1 1 1 0 0 0
0 0 1 1 1 1 0 1 1 1 1 1 1 1 0 1 0 0
0 1 1 1 1 1 1 0 1 1 1 1 0 1 1 0 1 1
1 1 1 1 1 1 1 1 1 1 0 1 1 1 1 1 1 1
1 1 1 0 1 0 1 1 1 0 0 1 1 1 1 1 0 0
1 0 1 1 1 1 1 1 0 0 1 1 0 1 1 0 1 1
0 0 1 1 0 1 1 0 1 1 1 0 0 1 0 0 1 1
1 1 0 0 0 0 1 1 1 1 1 1 1 0 1 1 0 0
1 0 1 1 1 1 1 1 0 1 0 1 0 1 0 1 1 1
1 1 0 0 1 1 1 1 0 1 0 1 1 1 1 0 0 0
1 1 1 0 0 0 1 1 1 1 0 0 0 1 1 1 1 1
dd190909165002 dd TheAvengers 0909 2 1650 1950 50 240 66.00 Chinese 1.00 3D 16 15
1 0 1 0 1 1 0 1 1 1 0 1 1 0 0
0 1 1 1 1 1 1 0 1 1 0 1 1 1 1
1 1 1 1 1 1 0 1 1 1 0 1 1 1 1
1 1 1 1 1 1 1 1 1 1 1 1 1 0 0
1 1 1 0 0 1 1 1 1 0 0 1 1 1 1
1 1 0 0 1 1 1 1 1 1 1 1 1 1 1
1 1 1 1 1 0 1 1 1 1 1 1 1 1 1
1 1 0 1 1 1 1 1 1 1 0 1 1 1 1
1 1 0 1 1 1 1 1 1 0 1 1 1 1 1
0 1 1 1 0 1 1 1 0 1 1 1 1 1 1
1 1 1 0 1 1 0 1 1 1 1 0 1 0 0
1 1 1 1 1 0 1 1 1 1 1 1 1 1 1
1 1 1 0 0 1 1 1 1 1 1 1 1 1 1
0 0 0 1 0 1 0 1 1 1 1 1 0 1 1
1 1 1 0 1 1 0 1 1 1 1 1 1 1 1
0 1 1 0 1 1 1 1 0 1 0 1 0 1 1
dd190909105001 dd SchindlerList 0909 1 1050 1405 100 552 66.00 English 1.00 IMAX 23 24
1 1 0 1 0 1 1 1 1 0 0 1 1 1 0 1 1 1 1 0 1 0 1 1
1 0 1 1 0 1 1 1 1 1 1 1 1 0 1 1 1 1 0 1 0 1 1 1
1 1 1 1 0 1 1 1 1 1 1 1 1 1 1 1 0 0 1 1 1 1 1 1
1 0 1 1 1 1 1 1 1 1 1 1 1 0 0 1 1 1 1 1 1 1 1 1
1 0 1 1 1 1 0 1 1 1 1 1 1 1 1 1 1 1 1 1 1 0 1 1
0 1 0 1 1 1 1 0 1 1 1 1 1 0 1 1 1 1 1 1 1 1 0 0
1 1 1 0 0 1 1 1 1 1 0 0 1 1 1 1 1 1 1 0 1 1 0 0
1 1 1 1 0 1 1 1 0 1 1 1 0 1 1 0 1 0 1 1 1 1 1 1
0 1 0 1 1 0 1 1 1 1 1 0 1 1 1 0 1 1 1 1 1 1 1 1
1 0 1 1 1 1 1 1 1 1 0 1 1 1 1 1 1 1 1 1 1 0 1 1
1 1 0 1 1 0 1 1 1 1 0 1 1 0 1 1 1 1 0 0 1 1 1 1
1 0 1 0 1 1 0 1 0 1 1 0 1 1 1 1 1 1 1 1 1 0 1 1
1 1 1 1 0 1 1 1 1 1 0 1 0 1 1 1 1 1 1 1 1 1 0 0
1 1 1 1 1 1 1 1 1 1 1 0 1 0 0 1 0 1 1 1 0 1 1 1
0 1 1 1 1 1 1 0 1 1 1 1 1 1 1 1 1 0 1 1 1 1 0 0
1 1 1 1 1 1 1 0 1 1 1 0 1 0 0 1 1 1 1 0 1 1 1 1
1 1 1 1 1 1 1 1 1 1 1 1 1 1 1 1 1 1 1 1 1 1 1 1
0 1 1 1 0 1 1 1 1 1 0 1 1 0 1 1 1 1 1 1 1 1 1 1
0 1 1 0 1 0 1 1 1 1 1 1 1 1 1 0 1 1 1 0 0 1 1 1
0 1 1 0 1 1 0 1 1 1 1 1 1 1 1 1 0 0 1 1 1 1 1 1
1 1 1 1 1 1 1 1 1 1 1 1 0 1 1 1 1 1 1 1 1 1 1 1
1 1 1 1 1 1 0 0 1 1 1 1 1 1 0 1 1 1 1 1 0 1 0 0
1 1 0 1 1 1 1 1 1 1 1 1 0 1 1 0 0 1 1 1 1 1 1 1
dd190909111002 dd Dunkirk 0909 2 1110 1310 50 240 88.00 English 0.90 3D 16 15
1 0 1 0 1 1 0 1 1 1 0 1 1 0 0
0 1 1 1 1 1 1 0 1 1 0 1 1 1 1
1 1 1 1 1 1 0 1 1 1 0 1 1 1 1
1 1 1 1 1 1 1 1 1 1 1 1 1 0 0
1 1 1 0 0 1 1 1 1 0 0 1 1 1 1
1 1 0 0 1 1 1 1 1 1 1 1 1 1 1
1 1 1 1 1 0 1 1 1 1 1 1 1 1 1
1 1 0 1 1 1 1 1 1 1 0 1 1 1 1
1 1 0 1 1 1 1 1 1 0 1 1 1 1 1
0 1 1 1 0 1 1 1 0 1 1 1 1 1 1
1 1 1 0 1 1 0 1 1 1 1 0 1 0 0
1 1 1 1 1 0 1 1 1 1 1 1 1 1 1
1 1 1 0 0 1 1 1 1 1 1 1 1 1 1
0 0 0 1 0 1 0 1 1 1 1 1 0 1 1
1 1 1 0 1 1 0 1 1 1 1 1 1 1 1
0 1 1 0 1 1 1 1 0 1 0 1 0 1 1
dd190909101003 dd SavingHim 0909 3 1010 1259 98 306 88.00 English 0.40 2D 17 18
1 1 1 1 1 1 0 0 1 1 1 1 0 0 1 1 1 1
1 0 0 1 0 1 1 0 0 1 1 1 1 1 0 1 1 1
0 1 1 1 1 0 1 1 1 0 1 1 0 1 1 1 0 0
1 1 1 1 1 0 0 0 0 1 0 0 1 0 1 0 1 1
1 0 1 0 1 0 0 1 0 0 0 1 1 1 1 1 1 1
0 1 1 1 1 0 1 1 1 1 0 1 1 1 1 0 1 1
1 1 1 1 1 1 0 1 1 0 1 0 1 1 1 0 0 0
0 0 1 1 1 1 0 1 1 1 1 1 1 1 0 1 0 0
0 1 1 1 1 1 1 0 1 1 1 1 0 1 1 0 1 1
1 1 1 1 1 1 1 1 1 1 0 1 1 1 1 1 1 1
1 1 1 0 1 0 1 1 1 1 1 1 1 1 1 1 0 0
1 0 1 1 1 1 1 1 0 0 1 1 0 1 1 0 1 1
0 0 1 1 0 1 1 0 1 1 1 0 0 1 0 0 1 1
1 1 0 0 0 0 1 1 1 1 1 1 1 0 1 1 0 0
1 0 1 1 1 1 1 1 0 1 0 1 0 1 0 1 1 1
1 1 0 0 1 1 1 1 0 1 0 1 1 1 1 0 0 0
1 1 1 0 0 0 1 1 1 1 0 0 0 1 1 1 1 1
sd190907165003 sd TheAvengers 0907 3 1650 1950 306 306 88.00 English 0.90 4D 17 18
0 0 0 0 0 0 0 0 0 0 0 0 0 0 0 0 0 0
0 0 0 0 0 0 0 0 0 0 0 0 0 0 0 0 0 0
0 0 0 0 0 0 0 0 0 0 0 0 0 0 0 0 0 0
0 0 0 0 0 0 0 0 0 0 0 0 0 0 0 0 0 0
0 0 0 0 0 0 0 0 0 0 0 0 0 0 0 0 0 0
0 0 0 0 0 0 0 0 0 0 0 0 0 0 0 0 0 0
0 0 0 0 0 0 0 0 0 0 0 0 0 0 0 0 0 0
0 0 0 0 0 0 0 0 0 0 0 0 0 0 0 0 0 0
0 0 0 0 0 0 0 0 0 0 0 0 0 0 0 0 0 0
0 0 0 0 0 0 0 0 0 0 0 0 0 0 0 0 0 0
0 0 0 0 0 0 0 0 0 0 0 0 0 0 0 0 0 0
0 0 0 0 0 0 0 0 0 0 0 0 0 0 0 0 0 0
0 0 0 0 0 0 0 0 0 0 0 0 0 0 0 0 0 0
0 0 0 0 0 0 0 0 0 0 0 0 0 0 0 0 0 0
0 0 0 0 0 0 0 0 0 0 0 0 0 0 0 0 0 0
0 0 0 0 0 0 0 0 0 0 0 0 0 0 0 0 0 0
0 0 0 0 0 0 0 0 0 0 0 0 0 0 0 0 0 0
sd190908165003 sd TheAvengers 0908 3 1650 1950 306 306 88.00 English 0.90 4D 17 18
0 0 0 0 0 0 0 0 0 0 0 0 0 0 0 0 0 0
0 0 0 0 0 0 0 0 0 0 0 0 0 0 0 0 0 0
0 0 0 0 0 0 0 0 0 0 0 0 0 0 0 0 0 0
0 0 0 0 0 0 0 0 0 0 0 0 0 0 0 0 0 0
0 0 0 0 0 0 0 0 0 0 0 0 0 0 0 0 0 0
0 0 0 0 0 0 0 0 0 0 0 0 0 0 0 0 0 0
0 0 0 0 0 0 0 0 0 0 0 0 0 0 0 0 0 0
0 0 0 0 0 0 0 0 0 0 0 0 0 0 0 0 0 0
0 0 0 0 0 0 0 0 0 0 0 0 0 0 0 0 0 0
0 0 0 0 0 0 0 0 0 0 0 0 0 0 0 0 0 0
0 0 0 0 0 0 0 0 0 0 0 0 0 0 0 0 0 0
0 0 0 0 0 0 0 0 0 0 0 0 0 0 0 0 0 0
0 0 0 0 0 0 0 0 0 0 0 0 0 0 0 0 0 0
0 0 0 0 0 0 0 0 0 0 0 0 0 0 0 0 0 0
0 0 0 0 0 0 0 0 0 0 0 0 0 0 0 0 0 0
0 0 0 0 0 0 0 0 0 0 0 0 0 0 0 0 0 0
0 0 0 0 0 0 0 0 0 0 0 0 0 0 0 0 0 0
sd190909165003 sd TheAvengers 0909 3 1650 1950 306 306 88.00 English 0.90 4D 17 18
0 0 0 0 0 0 0 0 0 0 0 0 0 0 0 0 0 0
0 0 0 0 0 0 0 0 0 0 0 0 0 0 0 0 0 0
0 0 0 0 0 0 0 0 0 0 0 0 0 0 0 0 0 0
0 0 0 0 0 0 0 0 0 0 0 0 0 0 0 0 0 0
0 0 0 0 0 0 0 0 0 0 0 0 0 0 0 0 0 0
0 0 0 0 0 0 0 0 0 0 0 0 0 0 0 0 0 0
0 0 0 0 0 0 0 0 0 0 0 0 0 0 0 0 0 0
0 0 0 0 0 0 0 0 0 0 0 0 0 0 0 0 0 0
0 0 0 0 0 0 0 0 0 0 0 0 0 0 0 0 0 0
0 0 0 0 0 0 0 0 0 0 0 0 0 0 0 0 0 0
0 0 0 0 0 0 0 0 0 0 0 0 0 0 0 0 0 0
0 0 0 0 0 0 0 0 0 0 0 0 0 0 0 0 0 0
0 0 0 0 0 0 0 0 0 0 0 0 0 0 0 0 0 0
0 0 0 0 0 0 0 0 0 0 0 0 0 0 0 0 0 0
0 0 0 0 0 0 0 0 0 0 0 0 0 0 0 0 0 0
0 0 0 0 0 0 0 0 0 0 0 0 0 0 0 0 0 0
0 0 0 0 0 0 0 0 0 0 0 0 0 0 0 0 0 0
sd190907115003 sd TheAvengers 0907 3 1150 1450 306 306 1.00 English 1.00 4D 17 18
0 0 0 0 0 0 0 0 0 0 0 0 0 0 0 0 0 0
0 0 0 0 0 0 0 0 0 0 0 0 0 0 0 0 0 0
0 0 0 0 0 0 0 0 0 0 0 0 0 0 0 0 0 0
0 0 0 0 0 0 0 0 0 0 0 0 0 0 0 0 0 0
0 0 0 0 0 0 0 0 0 0 0 0 0 0 0 0 0 0
0 0 0 0 0 0 0 0 0 0 0 0 0 0 0 0 0 0
0 0 0 0 0 0 0 0 0 0 0 0 0 0 0 0 0 0
0 0 0 0 0 0 0 0 0 0 0 0 0 0 0 0 0 0
0 0 0 0 0 0 0 0 0 0 0 0 0 0 0 0 0 0
0 0 0 0 0 0 0 0 0 0 0 0 0 0 0 0 0 0
0 0 0 0 0 0 0 0 0 0 0 0 0 0 0 0 0 0
0 0 0 0 0 0 0 0 0 0 0 0 0 0 0 0 0 0
0 0 0 0 0 0 0 0 0 0 0 0 0 0 0 0 0 0
0 0 0 0 0 0 0 0 0 0 0 0 0 0 0 0 0 0
0 0 0 0 0 0 0 0 0 0 0 0 0 0 0 0 0 0
0 0 0 0 0 0 0 0 0 0 0 0 0 0 0 0 0 0
0 0 0 0 0 0 0 0 0 0 0 0 0 0 0 0 0 0
sd190908115003 sd TheAvengers 0908 3 1150 1450 120 306 1.00 English 1.00 4D 17 18
1 0 1 1 0 0 0 1 1 0 1 1 1 0 1 0 1 1
1 0 0 1 0 0 0 0 1 1 0 1 1 1 0 1 0 0
1 0 0 1 1 1 1 0 0 1 1 0 1 0 1 0 1 1
0 0 1 1 1 0 1 0 1 1 0 1 1 0 1 0 1 1
1 0 1 1 0 0 1 1 1 0 0 1 1 1 1 0 0 0
1 0 1 0 1 1 1 1 1 1 0 0 1 0 0 1 0 0
1 0 1 1 0 1 1 1 1 0 0 1 0 1 1 1 0 0
1 1 0 0 1 0 0 1 0 1 1 1 0 1 0 0 1 1
1 1 1 1 0 1 1 0 0 1 1 0 1 0 1 1 1 1
1 0 0 1 0 1 1 1 1 0 0 1 1 1 0 1 1 1
1 0 1 1 1 0 0 0 1 1 1 0 0 1 0 1 1 1
1 0 1 0 1 1 1 1 1 1 0 1 0 1 1 1 0 0
0 1 1 1 1 1 1 0 0 0 1 0 1 0 1 1 1 1
1 1 1 0 1 0 1 1 0 1 0 0 1 1 1 0 1 1
0 1 0 1 0 1 0 0 1 1 0 1 1 1 1 1 1 1
1 0 0 1 1 0 0 1 1 1 1 0 1 0 0 1 0 0
1 0 1 1 1 0 0 0 1 1 1 0 1 0 1 1 0 0
sd190909115003 sd TheAvengers 0909 3 1150 1450 306 306 1.00 English 1.00 4D 17 18
0 0 0 0 0 0 0 0 0 0 0 0 0 0 0 0 0 0
0 0 0 0 0 0 0 0 0 0 0 0 0 0 0 0 0 0
0 0 0 0 0 0 0 0 0 0 0 0 0 0 0 0 0 0
0 0 0 0 0 0 0 0 0 0 0 0 0 0 0 0 0 0
0 0 0 0 0 0 0 0 0 0 0 0 0 0 0 0 0 0
0 0 0 0 0 0 0 0 0 0 0 0 0 0 0 0 0 0
0 0 0 0 0 0 0 0 0 0 0 0 0 0 0 0 0 0
0 0 0 0 0 0 0 0 0 0 0 0 0 0 0 0 0 0
0 0 0 0 0 0 0 0 0 0 0 0 0 0 0 0 0 0
0 0 0 0 0 0 0 0 0 0 0 0 0 0 0 0 0 0
0 0 0 0 0 0 0 0 0 0 0 0 0 0 0 0 0 0
0 0 0 0 0 0 0 0 0 0 0 0 0 0 0 0 0 0
0 0 0 0 0 0 0 0 0 0 0 0 0 0 0 0 0 0
0 0 0 0 0 0 0 0 0 0 0 0 0 0 0 0 0 0
0 0 0 0 0 0 0 0 0 0 0 0 0 0 0 0 0 0
0 0 0 0 0 0 0 0 0 0 0 0 0 0 0 0 0 0
0 0 0 0 0 0 0 0 0 0 0 0 0 0 0 0 0 0
sd190907133001 sd SavingHim 0907 1 1330 1600 269 552 77.00 English 0.70 IMAX 23 24
0 0 0 1 0 0 0 1 1 0 0 0 0 1 0 0 0 1 1 1 0 1 0 0
1 1 1 0 0 0 1 0 0 0 1 1 0 1 1 0 1 0 0 1 1 0 1 1
0 1 0 1 1 1 0 1 0 0 1 0 1 1 0 0 0 0 1 0 1 1 0 0
0 0 0 1 0 0 1 1 0 0 0 0 0 1 0 1 1 0 0 1 1 0 0 0
0 0 1 0 1 1 0 1 0 0 0 0 1 0 1 0 1 1 1 0 1 0 1 1
0 1 1 0 1 0 0 1 1 0 1 1 1 0 0 1 0 1 0 0 1 0 0 0
0 1 1 0 1 0 1 1 1 1 0 1 1 1 0 0 0 0 0 0 1 0 0 0
0 1 1 1 1 1 0 1 1 1 0 1 1 1 0 1 1 0 1 1 1 0 0 0
1 1 0 0 0 0 0 1 1 1 0 0 0 1 1 1 0 0 1 0 1 0 0 0
0 0 0 1 0 1 0 0 0 0 0 1 1 1 0 0 0 0 1 0 1 1 1 1
1 1 1 0 0 0 1 0 0 1 1 1 0 1 0 1 0 0 1 0 0 0 0 0
1 1 1 0 0 1 0 0 0 0 1 1 0 0 1 0 0 1 1 0 1 1 1 1
0 1 0 1 1 0 1 1 0 1 0 1 0 0 0 1 1 0 1 1 1 1 1 1
1 1 1 1 1 1 1 0 1 1 1 1 1 0 1 1 1 0 1 0 0 0 1 1
1 1 0 1 0 0 1 0 1 0 0 1 1 0 1 1 1 1 1 0 0 1 1 1
1 0 0 0 0 0 0 0 1 0 1 0 1 1 0 1 1 0 0 1 1 0 0 0
1 1 1 0 1 0 0 0 1 1 1 1 1 0 0 0 0 1 1 1 0 1 1 1
1 0 1 0 0 1 0 0 1 1 0 1 1 1 0 1 1 0 1 1 1 1 1 1
0 1 1 1 1 1 1 0 0 1 0 1 1 0 1 1 1 1 0 1 1 0 0 0
1 0 1 0 1 0 0 0 0 1 1 0 1 1 0 0 1 1 1 0 1 1 0 0
1 1 0 0 1 0 0 1 0 1 0 1 0 1 0 1 1 1 1 0 0 1 0 0
0 1 1 0 0 0 0 1 0 0 1 0 0 1 1 0 1 1 1 1 1 1 1 1
0 0 0 1 1 1 0 0 1 0 1 1 1 0 0 0 1 0 1 1 0 0 0 0
sd190908133001 sd SavingHim 0908 1 1330 1600 300 552 77.00 English 0.70 IMAX 23 24
1 0 1 0 0 1 0 0 0 1 0 0 0 1 0 0 0 0 0 1 1 1 1 1
1 0 1 1 0 0 0 0 0 0 1 1 0 1 0 1 1 1 1 1 1 0 1 1
0 1 0 0 0 0 1 1 0 1 1 0 0 1 0 0 1 0 1 0 1 0 0 0
0 1 0 1 0 1 0 1 1 1 1 1 1 0 1 1 1 0 0 0 0 0 1 1
0 0 0 1 0 1 1 1 0 1 0 0 1 0 0 0 0 0 0 1 0 0 0 0
0 1 1 1 1 1 1 0 0 1 1 1 1 1 1 0 0 0 1 1 0 0 0 0
1 0 0 0 0 0 0 1 0 0 1 1 1 1 1 1 0 0 1 0 0 1 0 0
0 1 0 0 1 1 1 1 0 0 1 1 0 0 1 1 1 0 1 1 1 0 1 1
0 1 1 1 1 0 0 1 1 0 0 0 0 1 1 0 0 0 1 1 1 1 1 1
0 0 0 0 0 0 0 1 0 0 0 0 0 0 1 1 1 0 0 0 0 1 0 0
1 1 0 0 0 0 0 0 0 1 1 1 1 1 1 0 1 0 1 0 1 0 1 1
0 0 0 1 1 0 0 0 0 1 0 1 0 0 0 1 0 1 1 1 1 1 0 0
0 1 1 1 0 1 1 0 0 0 0 0 1 1 0 1 0 1 0 0 0 1 0 0
1 0 1 0 1 0 1 0 0 0 0 0 1 0 1 0 1 1 1 1 1 1 1 1
1 1 1 0 0 1 1 0 1 0 0 1 0 1 0 1 1 1 1 0 0 0 0 0
0 1 1 1 0 0 0 1 0 0 0 1 0 1 1 0 1 1 1 0 1 1 0 0
0 0 1 0 0 1 0 1 0 0 0 0 1 1 1 1 0 0 0 0 0 1 1 1
1 0 1 0 1 0 1 0 1 1 1 1 0 0 0 0 1 1 0 0 0 0 1 1
0 0 1 1 0 1 0 1 1 0 0 1 1 1 1 0 0 0 0 1 1 0 0 0
0 0 1 1 1 0 0 1 1 0 0 0 0 0 1 0 0 0 0 0 0 0 1 1
0 0 0 0 0 0 1 0 1 1 1 1 0 0 1 0 1 0 1 0 0 0 0 0
0 0 0 0 0 0 0 1 0 1 0 1 0 1 1 0 1 1 1 1 1 0 1 1
0 0 1 0 0 0 0 1 0 1 1 0 1 0 0 0 1 0 1 0 1 0 0 0
