4 wk
111001111001010111010111111010111010
111111100000000111111100111111100000
011111110000000011111110011111110000
001111111000000001111111001111111000
000001111111011111110000000011111110
4 zy
000000000000000000000000100000000010
000000000000000000000000000000000000
000000000000000000000000000000000000
000000000000000000000000111111111110
000000000000000000000000000000000000
3 dd
000101100000111100001101000010000100
000001111111111100001111111110000000
000000111111110000000001111111111100
000111111111101111111100000000000000
000000000000000000000000000000000000
3 sd
000000001000010000100101000000000100
000000000000011111111100000000000000
000000000000000000000000000000000000
000000001111111111100001111111111100
000000000000000000000000000000000000
